1.319244890519786395e+03
1.296361296031416941e+03
1.317068611115537578e+03
1.327959836584554523e+03
1.311839411383557263e+03
1.318778628663600102e+03
1.289409967094486092e+03
1.312666767293897010e+03
1.317361991325050212e+03
1.310299394963761188e+03
1.313734642942111577e+03
1.302614425016052110e+03
1.320173408680845341e+03
1.319995717825522661e+03
1.316829508072631825e+03
1.282200759488059248e+03
1.289357965493807797e+03
1.317139114194724243e+03
1.286745194412513683e+03
1.305520325670507646e+03
1.306125440880521410e+03
1.297855520348955451e+03
1.305357807862784512e+03
1.302402059886255984e+03
1.308798627623092898e+03
1.311897828648289533e+03
1.310561870669871496e+03
1.295179564750967756e+03
1.266704775235489933e+03
1.307817735294024942e+03
1.293032988562540368e+03
1.287366022741770848e+03
1.288787641387744770e+03
1.280588736760682878e+03
1.289761714714863729e+03
1.288945954846245741e+03
1.300795894245952240e+03
1.270431282301475903e+03
1.285136478771915108e+03
1.285994039357290376e+03
1.280162826410499974e+03
1.294736771018758873e+03
1.279279160725350266e+03
1.280481519317888115e+03
1.281816792520694435e+03
1.284828326873526294e+03
1.256375191124966250e+03
1.271496730509168174e+03
1.288340765355899975e+03
1.283371332011907043e+03
1.248105971117566014e+03
1.281671005726464955e+03
1.244945004447009524e+03
1.258320807535834774e+03
1.253477283001357137e+03
1.259956970435007861e+03
1.266781102466271932e+03
1.253846795806008686e+03
1.272294958306540138e+03
1.233397355031963571e+03
1.271283707849105895e+03
1.251393973840901481e+03
1.235596928272872447e+03
1.258273332962243785e+03
1.249985592779479020e+03
1.260662153273455488e+03
1.252558993294798256e+03
1.267318608540193281e+03
1.251915602692880384e+03
1.250422436073593872e+03
1.242902648856167389e+03
1.240860210309144350e+03
1.232587295888548852e+03
1.234582993263199796e+03
1.216522771250560709e+03
1.237327447527290133e+03
1.240258417409329695e+03
1.251404372487926366e+03
1.220363758162590557e+03
1.186384766821886842e+03
1.171987095368539030e+03
1.157924489578423618e+03
1.180747692027610583e+03
1.588241891903536725e+03
1.180187404098868228e+03
1.143173044914494312e+03
1.242630140939035982e+03
1.186980515302845561e+03
1.183369145056698926e+03
1.165294894369503709e+03
1.140220041025470891e+03
1.173655220031005001e+03
1.232780039706824482e+03
1.246754213279227088e+03
1.113337148323013025e+03
1.229011407449817170e+03
1.166843716866620071e+03
1.121031302949708333e+03
1.183166356823570140e+03
1.247550309598222839e+03
1.173099778864616837e+03
1.236485127862041509e+03
1.240050990553148267e+03
1.188240050815834820e+03
1.128373901834532035e+03
1.124975885065838838e+03
1.109198615615314566e+03
1.121255823913057384e+03
1.205173979432808892e+03
1.163015859378726418e+03
1.180405497680859980e+03
1.176007145176916993e+03
1.236047762990427373e+03
1.236869347269958780e+03
1.182797934416193584e+03
1.164626793359062958e+03
1.232327499038990481e+03
1.179595067081212164e+03
1.136815594680626646e+03
1.173125785136697687e+03
1.206676353460871951e+03
1.239067395217825606e+03
1.192333522920621135e+03
1.203250905805001366e+03
1.230615367029267190e+03
1.162443936523537104e+03
1.302645394509502694e+03
1.172968594228001166e+03
1.259535646235699005e+03
1.238278963088431283e+03
1.313232224508579975e+03
1.176417941708775288e+03
1.236132448102903027e+03
1.286480682708371887e+03
1.235819262387605704e+03
1.191693843427134652e+03
1.257383554569632452e+03
1.242870818054252823e+03
1.223773371124151026e+03
1.217712720182832072e+03
1.229699632724274579e+03
1.210908102093099160e+03
1.214677767213664765e+03
1.234612841274776656e+03
1.167294876253897201e+03
1.230642834218144117e+03
1.170194670514357540e+03
1.198857520974770750e+03
1.136666137791932215e+03
1.191138918214423484e+03
1.214589348254833567e+03
1.238710586069094234e+03
1.151692882595325727e+03
1.184599936889335368e+03
1.184789593726115299e+03
1.201701439647948291e+03
1.208702998558292165e+03
1.129842482581974764e+03
1.141598767621088655e+03
1.159426094190501544e+03
1.176043884484954560e+03
1.205578777351096505e+03
1.201282728825951153e+03
1.197194506302830177e+03
1.198420924045372431e+03
1.257963470869128059e+03
1.217655860761092526e+03
1.201652979879524082e+03
1.236304982493962825e+03
1.171253349566687575e+03
1.192688645741880691e+03
1.182031349240121472e+03
1.159603104028349662e+03
1.178853929131941868e+03
1.177578252260318777e+03
1.185317748914346794e+03
1.179825857985443008e+03
1.230098585795421059e+03
1.224136274754649094e+03
1.208919475555223016e+03
1.254899758356682469e+03
1.188815568852235629e+03
1.196844221977215511e+03
1.234516997394640839e+03
1.268467044578983632e+03
1.269151559368084691e+03
1.239736949562466862e+03
1.175100845075404777e+03
1.198647342735449911e+03
1.233791079383951683e+03
1.150932553683987862e+03
1.248430188735277397e+03
1.266901363753177293e+03
1.193953207685419784e+03
1.235894728843951953e+03
1.165761188349481245e+03
1.199680790558042190e+03
1.167383299581583969e+03
1.619958100188529670e+03
1.216150790877982899e+03
1.244901139462790525e+03
1.204836942996788594e+03
1.235397771305666083e+03
1.189854017109718143e+03
1.188753787380310314e+03
1.235122236691207718e+03
1.304476394944722188e+03
1.235908856372852142e+03
1.257339294933721931e+03
1.189690654525004447e+03
1.176452553537173571e+03
1.362585085640634816e+03
1.235200048621984934e+03
1.174813450327665350e+03
1.129036443580653895e+03
1.624653955436961269e+03
1.176282008898000186e+03
1.198331052247376874e+03
1.198922562093864371e+03
1.628828344323979991e+03
1.278397917475841723e+03
1.246758858454807978e+03
1.186218880609517328e+03
1.188640837070448470e+03
1.290930812148565110e+03
1.322348071064885062e+03
1.197903947077759767e+03
1.238560561735006786e+03
1.162446989818186921e+03
1.181571762822784422e+03
1.175817799077709424e+03
1.237007786573090243e+03
1.165330345880661071e+03
1.163356514957284617e+03
1.191162648393429436e+03
1.195092624240354326e+03
1.335105894793045309e+03
1.202294149112378591e+03
1.174947650490543310e+03
1.221582292012978314e+03
1.246437584963572817e+03
1.240611888592102559e+03
1.243899248340589793e+03
1.187139131813152517e+03
1.167703326027687808e+03
1.174872354460196448e+03
1.180130451007707052e+03
1.182839939734896006e+03
1.169417445426364566e+03
1.238915842316784847e+03
1.175079803814335719e+03
1.233328681291362273e+03
1.157816006904454753e+03
1.178080558620329157e+03
1.223672936676704921e+03
1.283321680208239741e+03
1.162356931349090019e+03
1.241726787871573151e+03
1.161530512459648662e+03
1.318375390695885017e+03
1.162389007639771989e+03
1.239922253412358714e+03
1.194960231345560032e+03
1.230571241799033942e+03
1.237794205582941004e+03
1.253413212836380580e+03
1.186091520523996905e+03
1.309970207411403408e+03
1.202486572678358016e+03
1.178985559066800761e+03
1.194380168605198378e+03
1.237835923671760156e+03
1.249246334874074364e+03
1.228759966890183932e+03
1.320255186740938143e+03
1.248458569489283491e+03
1.176719652929772110e+03
1.195376065470023832e+03
1.193279546104457268e+03
1.291789378216306204e+03
1.187393923677579096e+03
1.193484538956046663e+03
1.199743111171211922e+03
1.191023258490422677e+03
1.266207654800633463e+03
1.137942572962248505e+03
1.318061487108903066e+03
1.231023841026825266e+03
1.246361115258154541e+03
1.226485479317616637e+03
1.180340564412138747e+03
1.181053596084129595e+03
1.320303309455156295e+03
1.201473096620696197e+03
1.194872883955724774e+03
1.206328678505646849e+03
1.204916575194125926e+03
1.202951619037498858e+03
1.158971011287600732e+03
1.237037766776502394e+03
1.238877203561255328e+03
1.226675594524005646e+03
1.246844671695041370e+03
1.243888345896525834e+03
1.226072243401381002e+03
1.215106752965906708e+03
1.215374111854506737e+03
1.221725842131671470e+03
1.223056781024534303e+03
1.211513908652979126e+03
1.210584001844943032e+03
1.213848534952926684e+03
1.206055680351671072e+03
1.208441277790546337e+03
1.174499883287666080e+03
1.275583728747806390e+03
1.174875462564595864e+03
1.200774201982595059e+03
1.244030377050941979e+03
1.314770955634399115e+03
1.142864115301195170e+03
1.181341567896262177e+03
1.246933678643845724e+03
1.192624496302834814e+03
1.242193573080292026e+03
1.158177251201177796e+03
1.211199447572502095e+03
1.199215175333892830e+03
1.193524767297503331e+03
1.366341018386287033e+03
1.328840117948036095e+03
1.183306455234403302e+03
1.187859467457785058e+03
1.315965804498407124e+03
1.185834471132273620e+03
1.279252133129172989e+03
1.321193566604373245e+03
1.210375116349662903e+03
1.180700553569372687e+03
1.185188050491656895e+03
1.210524794629034432e+03
1.271105293908834938e+03
1.183889580099784098e+03
1.289106192837655499e+03
1.199979464420838440e+03
1.246126171139317194e+03
1.200183769701030315e+03
1.214619518839511784e+03
1.179717883088659619e+03
1.286166212181263063e+03
1.173604443780473048e+03
1.196387955527426811e+03
1.269039227352910075e+03
1.217382601037426184e+03
1.220335400996833641e+03
1.196518998955491725e+03
1.311342893636892541e+03
1.189682566040519077e+03
1.184011530612923707e+03
1.240031189471291555e+03
1.182988425371636822e+03
1.144447104415860622e+03
1.201455830268101636e+03
1.259570504554633317e+03
1.188136885654076423e+03
1.196082350837921467e+03
1.184301512440444640e+03
1.184179235033513351e+03
1.169383912987508893e+03
1.173694669162670152e+03
1.192449345011696096e+03
1.230617148815245400e+03
1.248800338947055025e+03
1.172368047634494587e+03
1.237594093611781545e+03
1.305828819359961471e+03
1.186790441811555638e+03
1.196666060481968543e+03
1.189390451272462087e+03
1.159248269992847327e+03
1.149977020215535504e+03
1.225366025824494727e+03
1.237927499890868830e+03
1.178999240754082848e+03
1.196236115346777069e+03
1.159722964530165200e+03
1.148005622228056154e+03
1.253302194824235585e+03
1.212039800691687105e+03
1.146732376923985385e+03
1.249140328596555264e+03
1.231847453658058157e+03
1.219459861510384599e+03
1.176180573725871227e+03
1.122085610149766580e+03
1.321448804368799529e+03
1.226075435125022068e+03
1.172504618676845439e+03
1.288980173937451355e+03
1.136260953022243029e+03
1.177278338366709477e+03
1.241586092786894142e+03
1.185249906902557768e+03
1.183343571820729267e+03
1.230286271262167702e+03
1.174853567677066394e+03
1.249866114705236669e+03
1.195355299700104297e+03
1.239083518152947590e+03
1.599399320576416130e+03
1.176715033523067405e+03
1.182665113322833122e+03
1.241778779237261915e+03
1.241628618314720825e+03
1.157212031252616271e+03
1.139546602096336301e+03
1.183819255584533721e+03
1.197267343916378195e+03
1.219555179313811323e+03
1.306207942047795768e+03
1.236625871226251093e+03
1.192732254482411918e+03
1.188750677586848042e+03
1.188750677586848042e+03
1.188750677586848042e+03
1.188750677586848042e+03
1.188750677586848042e+03
1.188750677586848042e+03
1.188750677586848042e+03
1.188750677586848042e+03
1.188750677586848042e+03
1.188750677586848042e+03
1.188750677586848042e+03
1.188750677586848042e+03
1.188750677586848042e+03
1.188750677586848042e+03
1.188750677586848042e+03
1.188750677586848042e+03
1.188750677586848042e+03
1.188750677586848042e+03
1.188750677586848042e+03
1.188750677586848042e+03
1.188750677586848042e+03
1.188750677586848042e+03
1.188750677586848042e+03
1.188750677586848042e+03
1.188750677586848042e+03
1.188750677586848042e+03
1.188750677586848042e+03
1.188750677586848042e+03
1.188750677586848042e+03
1.188750677586848042e+03
1.188750677586848042e+03
1.188750677586848042e+03
1.194363102337544660e+03
1.230323949138665512e+03
1.321319472305618774e+03
1.156837338442621558e+03
1.177710698895398082e+03
1.130952191538191983e+03
1.215189426343047899e+03
1.215189426343047899e+03
1.215189426343047899e+03
1.215189426343047899e+03
1.215189426343047899e+03
1.215189426343047899e+03
1.215189426343047899e+03
1.215189426343047899e+03
1.215189426343047899e+03
1.215189426343047899e+03
1.270700081707368327e+03
1.261191385416679168e+03
1.182453507081353564e+03
1.252596523973717922e+03
1.167978169404602340e+03
1.187706639598179208e+03
1.161154795668227507e+03
1.217884421771904272e+03
1.226974586835570335e+03
1.175793862801587693e+03
1.182292187896098767e+03
1.244053790822633346e+03
1.256824926538629370e+03
1.193302718310855425e+03
1.613962731789793679e+03
1.326023404736830571e+03
1.188829695622149984e+03
1.135177550645235442e+03
1.161568941417657470e+03
1.241502133168111641e+03
1.173614140151946913e+03
1.279124939708438887e+03
1.151830711200973838e+03
1.595265619160263896e+03
1.172604630543122084e+03
1.220449083719192231e+03
1.191665801324628546e+03
1.167044554048037753e+03
1.187854465018091332e+03
1.219481994470154859e+03
1.172038194248046693e+03
1.219135328036793226e+03
1.184462933152974074e+03
1.308073914859191518e+03
1.174709387589932476e+03
1.196759828899285367e+03
1.155954392665875957e+03
1.235573151341989160e+03
1.160309524631697741e+03
1.166097739400044247e+03
1.174212394393294744e+03
1.196683198082180752e+03
1.601638280212920790e+03
1.165593513762956036e+03
1.170977142599767603e+03
1.159320819779889689e+03
1.230731331053639451e+03
1.153191367587707191e+03
1.200130823990006775e+03
1.197075256873130911e+03
1.233523722365772301e+03
1.240814153345023442e+03
1.169655641276669940e+03
1.165840687940873750e+03
1.146407086632097162e+03
1.232935425324510788e+03
1.588312339285150529e+03
1.130875689535313541e+03
1.206516458784365341e+03
1.250837892515174644e+03
1.273038043458011998e+03
1.171528191554376008e+03
1.249541078619127575e+03
1.237193704942410932e+03
1.229432418176151486e+03
1.256022755882653200e+03
1.164341035898359905e+03
1.156797540683190846e+03
1.176919393194588110e+03
1.162811244613987810e+03
1.268873372182758430e+03
1.166861877581564386e+03
1.155389063743206407e+03
1.315907217043017454e+03
1.185362460180706421e+03
1.198151247645037074e+03
1.173002524672152731e+03
1.240155069187146410e+03
1.167699894292382396e+03
1.228040364160714489e+03
1.189284317861558065e+03
1.166628138064533914e+03
1.233245201464078946e+03
1.149269133014524868e+03
1.118259546546469892e+03
1.255328453142172975e+03
1.166524442931824979e+03
1.138146554774689776e+03
1.188975974555352650e+03
1.138333222278627318e+03
1.194411460052337588e+03
1.173133201713524386e+03
1.146611065789830491e+03
1.180018941464797763e+03
1.136984027391604513e+03
1.244138435598291380e+03
1.208734201953715001e+03
1.189926079428599678e+03
1.191084073150250106e+03
1.123060925288205226e+03
1.164482186573999115e+03
1.239897745459496036e+03
1.119798768017053590e+03
1.171244165725190214e+03
1.186970566345905581e+03
1.219810820925490589e+03
1.117939920154819674e+03
1.231025499716543436e+03
1.139526937201848114e+03
1.120548203116458808e+03
1.219988006898394133e+03
1.141611704319940827e+03
1.085882427116578810e+03
1.211133545407260272e+03
1.203897974210622806e+03
1.205220261838312354e+03
1.202824764231788095e+03
1.202522474703818943e+03
1.200163722146654209e+03
1.194581709361876847e+03
1.202308587197667975e+03
1.191764235717722840e+03
1.181416434925347403e+03
1.184016088069610760e+03
1.195448028430163959e+03
1.198170594637996828e+03
1.185010208322294829e+03
1.193688516278417865e+03
1.148324607327299645e+03
1.187863218172149573e+03
1.179820026311185075e+03
1.142804446202231020e+03
1.178631139224208255e+03
1.179629076901222788e+03
1.177216867238198802e+03
1.178152189580780032e+03
1.176068059413378023e+03
1.171414113088901104e+03
1.169471047918933209e+03
1.176378153055743269e+03
1.172127671587195209e+03
1.148321405746045002e+03
1.153901386764416429e+03
1.221819130679241425e+03
1.142829945568180847e+03
1.142829945568180847e+03
1.142829945568180847e+03
1.142829945568180847e+03
1.180427854624969086e+03
1.170749530210553303e+03
1.203488382213417708e+03
1.169953053939643496e+03
1.211565969808352293e+03
1.287391476079938911e+03
1.155815053301336775e+03
1.157392158836882572e+03
1.185559428825459008e+03
1.148163116061996107e+03
1.146925041893610342e+03
1.107015091164023715e+03
1.129892528657115918e+03
1.167070475486509849e+03
1.167324285449710715e+03
1.231972653243093646e+03
1.208549868403312303e+03
1.113304368863564150e+03
1.144256114052740031e+03
1.133591592393554265e+03
1.147569298289366316e+03
1.184006723068170913e+03
1.132276520266405441e+03
1.214266872800448937e+03
1.153437600580333765e+03
1.170658811832668107e+03
1.160945791184245081e+03
1.223293534356673035e+03
1.223293534356673035e+03
1.183177730063724766e+03
1.235841867681889198e+03
1.138355549406578348e+03
1.160259044737215163e+03
1.112959907111820030e+03
1.198283415248508391e+03
1.138827659370800347e+03
1.210950621441528483e+03
1.107919588365140953e+03
1.126422937984215196e+03
1.138881313581658560e+03
1.132402257755863047e+03
1.149790130951015271e+03
1.258469031801323581e+03
1.210069613279645409e+03
1.145533847348497147e+03
1.128501787631688785e+03
1.145959732852574462e+03
1.206297945161916005e+03
1.126861423387884543e+03
1.157542865476246789e+03
1.197337199226616804e+03
1.106588298513893506e+03
1.172387179956745285e+03
1.156852034756595458e+03
1.110899061348249688e+03
1.135407645476285325e+03
1.102808977670186096e+03
1.102851677751781381e+03
1.237684132434397952e+03
1.110715136157434472e+03
1.141314246113296804e+03
1.194783206103922112e+03
1.125347865109000850e+03
1.210682449015166640e+03
1.207067317477121151e+03
1.149657800156715439e+03
1.198569238241589574e+03
1.110587562393423241e+03
1.130829445521246271e+03
1.152261348472182135e+03
1.135831177648652556e+03
1.133862756813697843e+03
1.071963552897776481e+03
1.115443030837327797e+03
1.110390598644887177e+03
1.174926826390131055e+03
1.141395832156824554e+03
1.114417610916965941e+03
1.104103738483421466e+03
1.152568017491038518e+03
1.121665256247352545e+03
1.121785355983547788e+03
1.081192993121985864e+03
1.116059745414471536e+03
1.206190177953488728e+03
1.092888250122068030e+03
1.124520092058671935e+03
1.068122201383895799e+03
1.118408120469616506e+03
1.178154971446678474e+03
1.054940111106689301e+03
1.116216026896630865e+03
1.128308366553248334e+03
1.221230533199354340e+03
1.122487303172750671e+03
1.119017912832269303e+03
1.099202891652944345e+03
1.115182434248736399e+03
1.251698418380110752e+03
1.143231301194386560e+03
1.116211589451022746e+03
1.100298125140918273e+03
1.115775474750385911e+03
1.129170383220842268e+03
1.092634780758305851e+03
1.134276097406852386e+03
1.192224190311973189e+03
1.155315725665187529e+03
1.077650890154210856e+03
1.078787959560682111e+03
1.100502663562468797e+03
1.095566187280374379e+03
1.120866242596747952e+03
1.105792424244776612e+03
1.053828435382637053e+03
1.201600542252570904e+03
1.047305026699896189e+03
1.170368370884872547e+03
1.059565632887192351e+03
1.058809575395036973e+03
1.104518286147007757e+03
1.094950908757434036e+03
1.168373395520081885e+03
1.232892828041031407e+03
1.080489117335502442e+03
1.108827773275350864e+03
1.137415793780760850e+03
1.160584165745049404e+03
1.072711330686425981e+03
1.052484545845186403e+03
1.181099112578636095e+03
1.111306291225056157e+03
1.075928639584386474e+03
1.025915593125199393e+03
1.086042494655902374e+03
1.066904444440774114e+03
1.107373290635124249e+03
1.105426400524081600e+03
1.080326306229544116e+03
1.055763001094981064e+03
1.112922421261971976e+03
1.102535196837089643e+03
1.112433472127582718e+03
1.047870256433932809e+03
1.035437330893377293e+03
1.158101490511572365e+03
1.148211816977267517e+03
1.073026052163586201e+03
1.054072750907941327e+03
1.057166137730617265e+03
1.044786045601745855e+03
1.034316332466886934e+03
1.038539340738365354e+03
1.162384081416826348e+03
1.163759624823613194e+03
1.117050225772282829e+03
1.075097714176783484e+03
1.095502070834955703e+03
1.175730048406402148e+03
1.147802962602652315e+03
1.072520646695549885e+03
1.194719092776239222e+03
1.006312052879728526e+03
1.035686457966558692e+03
1.157176854480956536e+03
1.030449832080625129e+03
1.054730692151559879e+03
1.069895088867415780e+03
1.082854016664885648e+03
1.052845510968129474e+03
1.030780112711666106e+03
1.066463554126387862e+03
1.069884888314192949e+03
1.041611163203657725e+03
1.029426153749098148e+03
1.119017351668833726e+03
1.104194026867895218e+03
1.065899646780957255e+03
1.081305905202302029e+03
1.044292805772298834e+03
1.084837059188528428e+03
1.158765004364836159e+03
1.167435487774442436e+03
1.135074928738191147e+03
1.061896236529545149e+03
1.066669402153935380e+03
1.050869742264186925e+03
1.112296159987854480e+03
1.070165792400516921e+03
1.024056914920106692e+03
1.130179022982578999e+03
1.035902707226996426e+03
1.127618340556956582e+03
1.023196940217737620e+03
1.075542332779486742e+03
1.087467811568230900e+03
1.060764717435742341e+03
1.065729609060716712e+03
1.057647037870940494e+03
1.073255809109164147e+03
1.038238989125926764e+03
1.051880406029169990e+03
1.056051860710014125e+03
1.034912180956780958e+03
1.091382509048189831e+03
1.100078947081151455e+03
1.075419125535385319e+03
1.061169864530374753e+03
1.059517241594566030e+03
1.050755736119374660e+03
1.071907287768043261e+03
1.131286561167589753e+03
1.073901622902738154e+03
1.124226125738383416e+03
1.064428117442121447e+03
1.095399088167001992e+03
1.032320321617411992e+03
1.054152131100189763e+03
1.036767032804589689e+03
1.117614946424105483e+03
1.059243256567366188e+03
1.075071878080536180e+03
1.048249009452102200e+03
1.055005040969898801e+03
1.065758046630988702e+03
1.033439744395624075e+03
1.080308206326280242e+03
1.017145475125948224e+03
1.121401246040341675e+03
1.050464945304637695e+03
1.050464945304637695e+03
1.007050517344695095e+03
1.035843588023142502e+03
1.036470681750478661e+03
1.074920486678061934e+03
1.096076580095713098e+03
1.058304658392944020e+03
1.074804066333356786e+03
1.026887166097396403e+03
1.111437723273082156e+03
1.161090460955393610e+03
1.161480791369092231e+03
1.156244066595696268e+03
1.152152286419688153e+03
1.159620189710180284e+03
1.145117989268248039e+03
1.142342027310877938e+03
1.142348155748719364e+03
1.139688543826755449e+03
1.146508861392856716e+03
1.133233208422245525e+03
1.141840876687636637e+03
1.134844761087837469e+03
1.133915801813796179e+03
1.138545459655063951e+03
1.131891167828128800e+03
1.130908549559574112e+03
1.127381598366047911e+03
1.128366116290330183e+03
1.133289668757386380e+03
1.126757706869544336e+03
1.129522470987629731e+03
1.123061098410113573e+03
1.127201359597425380e+03
1.123369099654519459e+03
1.113815373230425848e+03
1.122889308385923869e+03
1.120385628232780618e+03
1.114953797561505780e+03
1.115691384262184783e+03
1.118318358525614940e+03
1.052749781506657428e+03
1.108912886058295499e+03
1.014940482883840332e+03
1.079455515307783344e+03
1.041991947748438179e+03
1.029866000656435062e+03
1.029866000656435062e+03
1.063711402566165589e+03
9.925964196365538328e+02
1.386098307042649367e+03
1.051212322971439789e+03
9.945524183067383319e+02
1.003206076488234203e+03
1.042757395003853162e+03
1.080074515097276162e+03
1.020220365993132305e+03
1.066727873482999939e+03
1.056266737680596634e+03
1.049413799165371074e+03
1.088725792646044965e+03
1.023116545110936727e+03
1.039441115106839334e+03
1.005905270922493287e+03
1.063542438721175358e+03
1.369446208233213383e+03
1.070542977845042742e+03
1.019134133722659499e+03
1.026136599556415831e+03
1.121618258043540209e+03
1.010033752877770553e+03
1.077605875534255119e+03
1.111107587880951996e+03
1.084040989049950440e+03
1.089116289028491110e+03
1.047501646201931180e+03
9.888025814607627808e+02
9.978034006429385272e+02
1.111779642634737456e+03
1.035279128561015114e+03
1.001880653538954107e+03
1.050113058940762357e+03
1.012781601599179112e+03
1.012018176279598265e+03
1.057077565389059600e+03
1.116958799353361883e+03
1.363422034036140076e+03
1.050706994924381888e+03
1.013391960758466098e+03
1.064767877635604464e+03
9.995022640608693791e+02
1.353564452010366949e+03
1.032914875413710661e+03
1.022175248046907086e+03
9.895130693873052223e+02
1.097765261371396718e+03
1.096629922282120106e+03
9.813670414826435717e+02
1.001361620850446798e+03
1.029270837962402993e+03
1.075393347457120399e+03
1.009098840529622407e+03
9.829977009433074500e+02
1.031323285601871930e+03
1.037380166337199853e+03
9.666940326276491078e+02
9.971201919581723132e+02
1.051553491116547093e+03
9.807092461942903583e+02
1.024801688837819711e+03
1.057570651065981565e+03
1.033665823603593026e+03
9.851105349179580344e+02
1.025059397101788818e+03
9.946260718091632498e+02
1.092958826039537826e+03
1.048812591885136953e+03
1.062211258213605106e+03
9.706956463147924978e+02
1.049467519158748246e+03
9.827860401971041711e+02
9.987442285738370629e+02
9.826215628729516993e+02
1.012111973653651830e+03
9.970420967483710228e+02
1.022834537228012550e+03
1.096849253164448783e+03
1.034266669111254032e+03
9.746307632161625634e+02
9.718279466533032291e+02
9.512123686788601162e+02
9.373813860345055673e+02
9.835963728561348489e+02
1.324778152884776546e+03
1.078890955320297735e+03
1.014179399570699843e+03
9.960478248300572659e+02
9.454820322084194686e+02
9.788510357043746808e+02
9.622069248783931243e+02
1.319374771925498862e+03
1.022287542801190853e+03
9.631382458822339458e+02
9.798126786710702163e+02
1.034224788551675829e+03
1.050132857039210194e+03
9.744517131861381358e+02
9.492657597146680928e+02
1.015460233740061994e+03
1.013716136289423730e+03
9.654009750035006618e+02
9.802061815933467415e+02
1.040081952640693544e+03
1.077847971466561376e+03
9.970414200552085049e+02
9.868734715503253483e+02
1.022974359588625589e+03
1.029573247554886166e+03
1.026520306203498421e+03
1.021206082096114869e+03
9.564483962477868317e+02
1.011224984143895199e+03
1.023190714399170588e+03
9.796031855787906579e+02
9.918425334743246822e+02
9.367210333441613557e+02
1.012046172453269719e+03
1.009961334692436026e+03
1.072436310287600918e+03
9.781204506030775292e+02
1.073428936171614396e+03
1.101584059739805525e+03
9.406790050115964732e+02
1.049624286329135202e+03
9.693772118230295973e+02
1.073271954922855912e+03
1.321722539414467974e+03
1.038677076051774293e+03
1.011557064306657594e+03
9.894467951980305997e+02
1.000697354338305900e+03
9.679780915704096742e+02
9.421122598306179725e+02
1.025196340001835324e+03
1.043090383210625760e+03
1.070314438321778198e+03
9.980946787404119505e+02
1.053497306991718688e+03
1.031151428701051827e+03
1.064470243075114468e+03
1.009082141024747102e+03
9.735200709334335443e+02
9.844929079881923144e+02
9.748316900870208883e+02
9.477655398434424114e+02
9.529784353135112269e+02
9.571725888825137645e+02
1.006803031657945439e+03
9.654767766419647614e+02
9.951663503495575469e+02
1.043573646824756452e+03
9.510256036823095656e+02
9.804698903997456227e+02
1.034888282375012750e+03
9.685939086483460869e+02
9.866941265681409732e+02
1.029797997487370139e+03
1.035296007270126211e+03
9.422968792177769046e+02
9.395046930284427162e+02
1.005574502395810441e+03
1.027084450059657229e+03
1.024274987412431756e+03
9.674960702537097177e+02
9.359810191784594053e+02
9.629072094384457614e+02
9.794144526930399479e+02
9.841684996409271662e+02
9.671196732443531801e+02
9.694226251447787490e+02
9.975737057560410221e+02
9.193502811450953232e+02
1.020803879833422911e+03
1.014982142674497254e+03
9.817628098549224660e+02
9.693495775901008074e+02
9.299753124781385623e+02
9.686510695063042249e+02
9.206156290749895561e+02
1.073020898135385323e+03
1.000358594179823172e+03
9.908210409601526862e+02
9.529563178622764781e+02
9.584730840858746888e+02
9.417569298898216630e+02
9.477908543801853511e+02
9.650628380397876072e+02
9.392651826207268186e+02
1.003335634347957580e+03
9.495563833729969474e+02
1.082564333878812477e+03
9.762806176445268420e+02
9.704448840579402713e+02
9.925254181820088206e+02
1.031956883633743018e+03
9.512866395977074490e+02
1.035606753686276306e+03
9.076224103845802347e+02
9.959532821538233520e+02
9.670106635171681546e+02
1.002080029420502797e+03
1.287010431294282171e+03
9.414256931334434739e+02
9.699525927147652737e+02
9.841909719227016922e+02
9.841909719227016922e+02
9.841909719227016922e+02
9.514182117031668895e+02
9.513617253443339905e+02
9.447414204715455526e+02
1.011573093352340152e+03
1.008688502420617851e+03
9.904238448572117477e+02
1.278906530244220676e+03
1.015762150043844599e+03
9.465263908632837229e+02
1.012124177304256250e+03
9.753521246855117397e+02
9.361165659106733301e+02
9.576990021159531352e+02
9.723354761468161769e+02
9.962701539165533404e+02
1.014116401333769318e+03
1.007331352732968071e+03
1.064978796532680690e+03
9.094678885250340272e+02
9.733424929268240930e+02
9.057462129046057271e+02
9.725502646151552426e+02
1.024203933101943903e+03
1.008748646793446483e+03
8.892088626195870802e+02
9.416218003212457006e+02
9.964811508403777225e+02
9.436010000289830941e+02
9.679471353696073948e+02
8.933906640878567487e+02
1.013836543652767887e+03
9.104976425565008640e+02
9.958231261374100995e+02
9.579830527962662927e+02
9.024893154566736939e+02
9.044239992302118480e+02
9.362998823448052690e+02
9.331235341098813478e+02
9.228493450900934931e+02
9.585816223049274640e+02
1.250842576809115826e+03
9.543706490274317957e+02
9.420599429173607859e+02
9.968461838843571741e+02
9.367724836692553936e+02
9.571674410369219004e+02
9.445432773424741981e+02
1.015165922980144728e+03
9.885218198378433954e+02
9.418172706522196904e+02
9.152284348951911852e+02
1.000552912823801194e+03
9.658150433494180334e+02
9.919209303211849829e+02
9.030901393910394290e+02
9.269134577184394175e+02
9.577614576327069926e+02
9.982587684334594087e+02
9.771972295785557208e+02
8.980797396605424865e+02
1.013364343448487830e+03
9.370398062293958219e+02
9.495886293115614762e+02
9.102075976726194995e+02
9.028993913095106336e+02
9.650181044381859010e+02
9.315589480743085460e+02
9.630163470653726563e+02
9.285779857134272106e+02
1.117603343018644864e+03
1.114433902383919758e+03
1.109913259333909537e+03
1.094366626289807982e+03
1.105530936998498419e+03
1.104791733278214224e+03
1.098161862566281570e+03
1.084816916332551955e+03
1.099897394358184556e+03
1.089183151716120392e+03
1.089191342130398425e+03
1.082527003875042283e+03
1.088875077072052591e+03
1.088904902761655876e+03
1.095774005992562479e+03
1.080949249369743484e+03
1.090914617681181880e+03
1.076619072546096049e+03
1.084987398213217602e+03
1.079038767637843421e+03
1.070532107657037614e+03
1.076580265654283721e+03
1.072019594180849253e+03
1.069022637387071882e+03
1.061209400570683329e+03
1.058042352632256097e+03
1.069450170485483113e+03
1.071119973988766333e+03
1.058742361995746251e+03
1.077429469557858738e+03
9.452398975007839681e+02
9.024018910881561624e+02
9.503789911478482964e+02
9.001907801515280880e+02
8.922747829342865771e+02
9.363710398107554056e+02
9.362257435849245439e+02
9.415580760748031253e+02
9.356835875555185567e+02
9.244626621555891006e+02
9.642932905468114768e+02
9.000076365855259155e+02
8.898627973483672804e+02
9.986928192577585151e+02
9.839868508381319998e+02
9.833391856607477166e+02
9.465819323740518030e+02
9.847951343951776835e+02
9.280110178401486110e+02
9.184541704926414241e+02
8.858412135367924520e+02
9.476193265771088363e+02
9.439057782832409202e+02
9.380617428526396679e+02
1.236723646556874201e+03
9.731797940377509804e+02
9.872108183063086244e+02
9.335016532555035838e+02
9.344410942637389326e+02
9.255899924275074682e+02
9.172442869042660050e+02
9.294976524811655736e+02
9.494094839795214966e+02
8.978312295230896325e+02
9.771338419621017692e+02
9.760567231669001558e+02
9.355059389866471520e+02
9.257762476317772098e+02
1.041280538860186198e+03
9.662919377026887560e+02
9.022571165278453691e+02
9.682356430667439326e+02
9.033090275658522614e+02
1.040065410379085733e+03
1.032579342145784267e+03
9.113406881944973748e+02
9.190587280257308294e+02
9.196415500039415747e+02
9.328134173700142355e+02
9.316858653793524354e+02
8.738969029704945797e+02
9.592400140221153606e+02
9.007839023765354796e+02
9.639351595732593978e+02
9.853018778134870672e+02
9.439120421370856775e+02
9.218122496940554811e+02
9.500841922193053506e+02
9.361633027087314076e+02
9.038857006264325946e+02
9.029679459763032128e+02
9.514656706644200312e+02
8.734922174482612718e+02
9.232752898350242958e+02
9.208032343582220847e+02
9.185111599899911425e+02
8.906655969370669936e+02
8.851798085671805438e+02
8.872265574662069412e+02
9.873850702085024977e+02
9.435658356995375016e+02
9.173728547390478525e+02
9.627596048470604728e+02
9.019921813228899055e+02
8.929862244037053642e+02
9.053596607186113943e+02
9.435066498382288955e+02
9.699626248340840675e+02
9.086727850568730673e+02
9.613144024326285262e+02
8.780437745199408255e+02
9.352048159408197989e+02
8.736031663629125887e+02
9.156368651213226713e+02
9.442510843754711232e+02
9.322155836072723787e+02
9.259923947651295748e+02
9.159543208012383957e+02
9.413492469916205891e+02
9.095591739862761642e+02
9.835719692710143818e+02
8.767241604631390146e+02
9.380728142512239174e+02
9.285001882339628310e+02
9.183245457280253277e+02
9.640762916148712520e+02
9.200399389333023237e+02
9.019291345810489702e+02
8.928777674442217176e+02
9.974425310907920448e+02
9.333655107532434840e+02
9.929258356788049014e+02
8.807221256668223077e+02
9.537029600908759903e+02
9.810101552554584714e+02
9.115452464092081755e+02
9.055078633524188945e+02
8.954386418493636484e+02
9.539342757881266834e+02
8.978021773663670047e+02
9.156783586135525184e+02
9.284705146959207696e+02
9.150156611531788258e+02
9.149250574940891738e+02
9.708786600036904701e+02
9.020539575507802965e+02
8.563700442403542183e+02
9.671804813300943806e+02
8.943670569298359396e+02
9.018905722759719765e+02
8.737529685109910815e+02
8.955815815631248142e+02
9.339551739039195581e+02
9.572601900959011800e+02
9.024513760049213715e+02
9.545866126347277714e+02
8.804914933100169492e+02
8.926746737441270625e+02
9.131163631308601225e+02
8.663601483359019539e+02
9.539283915656596946e+02
9.631317136849011149e+02
9.247124921963470570e+02
9.247124921963470570e+02
9.335602796403628645e+02
9.196299215867550174e+02
9.127633702680358283e+02
9.007980883352103092e+02
8.574967000084019446e+02
1.005608127893338292e+03
9.429816971090356219e+02
8.733162690832421049e+02
8.939668859976052318e+02
8.523226499315734372e+02
9.208750026866515555e+02
9.061171222965954257e+02
8.513042949254506766e+02
9.620568884245353729e+02
8.950845537411132682e+02
9.006603904017212017e+02
8.296821471942110975e+02
9.172252944782067061e+02
9.045940548143921660e+02
9.668007231803710511e+02
8.970665554787658493e+02
9.325137962871560831e+02
8.498851493161300823e+02
9.110371237122334378e+02
9.019991944469265945e+02
8.731360213667653625e+02
8.518362385783963191e+02
8.802714325046026715e+02
9.427009330184730516e+02
8.842771665789160807e+02
8.784059472476932342e+02
8.575275617513792668e+02
9.519786436528227114e+02
8.653201287538963697e+02
1.184192850549460445e+03
8.572414733364593076e+02
8.437177993757977674e+02
8.539229825719932023e+02
8.995715095779318062e+02
8.777199889816104132e+02
8.675181171454592004e+02
9.115435187140276412e+02
8.813268690646508503e+02
8.971160862361053887e+02
8.906370548552384889e+02
9.034603183177147230e+02
8.596625408123009038e+02
9.031592520967955124e+02
8.916069751150229195e+02
9.483273169116039298e+02
9.063908468976977701e+02
8.607273724877284167e+02
8.832452729997435199e+02
8.979891129941397594e+02
8.521801756131221737e+02
8.933009812182722271e+02
8.910711664600820541e+02
9.642412713612845891e+02
8.983207311875122514e+02
8.887426810437551694e+02
8.941770559724714076e+02
8.930915954253567861e+02
9.893922348263888580e+02
8.646646004802141761e+02
9.010450628490624467e+02
8.897036107434983023e+02
8.644809791876795089e+02
8.679732126514046513e+02
8.924100289362414742e+02
8.566408697501680081e+02
8.775191742063915399e+02
8.834720991465187581e+02
8.490102721363056162e+02
8.449754321552780993e+02
8.214846043134884894e+02
9.696755190977212351e+02
8.824865156390119409e+02
8.549987029232994473e+02
8.646786361333104196e+02
8.771174769641895637e+02
8.563144733557086283e+02
8.754991320903466203e+02
8.555776219469531725e+02
8.966774791218854261e+02
8.755360737049091995e+02
8.482088560947044016e+02
8.891457028594736585e+02
8.768246214029339853e+02
8.408286241197646405e+02
8.734379308872441925e+02
8.456075231422242950e+02
8.254848606838405658e+02
8.820911598193277996e+02
8.837398378797696523e+02
9.015931706872916038e+02
8.519137300622307976e+02
8.842263713255126731e+02
8.492699378176251912e+02
8.646484787122570879e+02
8.537677989834837717e+02
7.973893338573520850e+02
9.025483720883970591e+02
8.735331053897842821e+02
8.026021230833068785e+02
8.488348486731848652e+02
8.736756060363383085e+02
9.027826993310418402e+02
8.807917810979396336e+02
8.894361839648960313e+02
8.693252254314706988e+02
8.699543626424020886e+02
8.080455526018587307e+02
8.673356482411553543e+02
8.441777423269109022e+02
8.231531215951139302e+02
8.760220986072774849e+02
8.514779601051078544e+02
8.936498416114966403e+02
8.663848051595971356e+02
8.510838048665158340e+02
8.775037068147613581e+02
8.604294163979244559e+02
8.690729887553907247e+02
8.788607329620264181e+02
8.289789360551678783e+02
8.546861863103094947e+02
8.649690121318232059e+02
8.764260390331048711e+02
8.181129845413665862e+02
9.238176743427268320e+02
8.274417849229059811e+02
8.904074085461055574e+02
8.688591215406689798e+02
8.536172624672192342e+02
8.155642344499855199e+02
8.702930471073636909e+02
8.219164855362871549e+02
1.133977338691513069e+03
1.118751995635024741e+03
8.502203637512511705e+02
8.840161948783362504e+02
9.232165843185457561e+02
8.295744812361768936e+02
8.912894842975796337e+02
8.769576466001570907e+02
8.604930207241355902e+02
8.619224539010579065e+02
8.720348381674566554e+02
8.660357876732412024e+02
8.709440598278579273e+02
8.820029890540085944e+02
8.397288923951921333e+02
8.664331096258017624e+02
8.626130527215354959e+02
8.183282961824672839e+02
8.032002952639849127e+02
8.661153098798663450e+02
8.101810855528053708e+02
8.202151548333799838e+02
8.664224410559145326e+02
8.122585339571229497e+02
8.293204561840075257e+02
8.194533280789346463e+02
8.229939296446167418e+02
8.160576266366377922e+02
8.367797624716521341e+02
8.613472474297215058e+02
8.570847039666181217e+02
8.084010645380284359e+02
8.128067334143452172e+02
8.630395164859760371e+02
8.564070024257694058e+02
8.155929531706510716e+02
8.136516342708423508e+02
8.374709344264532547e+02
8.168043866099541219e+02
1.099163876894106352e+03
8.169711481635258679e+02
7.831704970757142519e+02
8.175274238088298944e+02
8.543732013337830722e+02
8.213138155102867586e+02
8.546493866029652509e+02
8.221308422850306670e+02
8.186769433254928572e+02
1.057133927487804840e+03
1.077624429088369880e+03
1.058506651748665035e+03
1.075623048701044354e+03
1.073006544226668893e+03
1.062009007356925167e+03
1.069892304121600546e+03
1.066915570015361936e+03
1.057665292173752505e+03
1.054891774290680360e+03
1.086361656927216018e+03
1.081577996863650924e+03
1.088449272946568499e+03
1.084292194643896210e+03
1.079155384744489538e+03
1.079290253124616129e+03
1.078006398457264368e+03
1.076270223650602020e+03
1.079199151370097297e+03
1.075519384235696634e+03
1.074596690565556628e+03
1.073378746214248395e+03
1.073036796255918944e+03
1.071659197047778889e+03
1.079151259331919391e+03
1.069685457061238139e+03
1.044906006826622388e+03
1.069258100975128400e+03
1.069738808041088532e+03
1.066953513816250279e+03
1.066527913308275856e+03
1.071851996996226490e+03
1.065490879157912332e+03
1.064731324436723980e+03
1.063781399479140418e+03
1.064438883896629250e+03
1.056285667468692054e+03
8.560962785160571684e+02
8.224881237295066967e+02
8.040552625792213348e+02
8.049381290626935197e+02
7.767045186689615548e+02
8.010888457062657153e+02
8.091738576088323498e+02
8.101431316963413565e+02
8.792096623164928815e+02
8.666263468483571160e+02
8.604817441251649370e+02
8.069190827921005393e+02
7.992029969550945907e+02
8.060999890504378982e+02
8.159082875541887461e+02
7.991894561080423500e+02
8.318895142275214312e+02
8.447403002926198496e+02
8.223881070401448596e+02
8.123537774898275075e+02
8.084118792291418458e+02
7.832821666465464432e+02
8.348380657697531433e+02
7.894516914665916829e+02
7.936519708642667865e+02
8.396969443703773095e+02
7.985474751878010693e+02
8.096957328218046541e+02
8.024854549569967048e+02
8.606469888617749575e+02
8.385076048528328556e+02
8.104120195511163729e+02
8.299803776374041036e+02
8.477501141697202911e+02
8.009840253741081142e+02
7.730297308179910942e+02
8.475924676444902843e+02
8.117148807104147181e+02
8.319908009164676059e+02
8.060469512506042520e+02
7.776477161145116952e+02
8.944300050146500780e+02
9.013710523659320870e+02
8.141528049307397623e+02
8.151440006339192905e+02
8.425992632733799610e+02
8.063900968489598426e+02
7.951193831807441939e+02
7.849923563579907295e+02
8.471407129138547134e+02
8.005997051966573963e+02
7.990055481687583097e+02
7.921906620918454109e+02
8.624932636216681203e+02
1.062690328900197073e+03
7.891376359216714036e+02
7.731765169923160101e+02
7.880206575223267009e+02
7.996072857604751789e+02
7.920177521099558362e+02
7.414863177425490903e+02
8.530527017012965416e+02
8.264350106313313518e+02
8.267860210047444980e+02
7.704921801121956833e+02
8.366999983972217478e+02
7.894125649943471217e+02
1.056801546568204230e+03
7.754145444060521868e+02
7.806715736977752158e+02
8.896098329455721796e+02
7.920389473169392431e+02
7.513674370200109252e+02
8.435856361618938308e+02
7.853370676027935815e+02
7.757026230938420213e+02
8.302171917765516582e+02
8.524286638728150365e+02
7.897258333090446740e+02
7.704650653899625468e+02
8.403889834616045391e+02
7.363813094116803768e+02
1.041187070682532294e+03
7.548554961068457487e+02
8.250681173861781872e+02
7.812173002187511202e+02
7.995633807897625047e+02
8.296206584717635906e+02
7.777477060532871747e+02
7.870392985494243021e+02
8.794785492986191002e+02
7.778616225637422303e+02
8.093552605569510661e+02
7.669831386459708256e+02
8.303586307560456135e+02
7.642578087001049880e+02
8.279564421843290347e+02
7.640625666789214847e+02
7.826811480871513140e+02
7.708191612629353813e+02
7.720622480636142200e+02
7.968574146858936729e+02
7.976331373387700978e+02
7.674547315942846808e+02
7.415535172188136812e+02
7.826975975260223777e+02
8.120144615778866637e+02
7.635235688176668418e+02
7.638268857028759840e+02
8.239820322838476159e+02
7.764909832338223623e+02
8.117605322491841662e+02
7.593608605922831885e+02
8.255205645452284671e+02
7.715877261241096221e+02
8.214496143274545830e+02
7.752260013543624382e+02
7.602755802294210525e+02
8.226921456307265998e+02
7.680029308340469925e+02
7.370202160575441894e+02
8.168125471583457511e+02
7.642401877284299871e+02
7.389210141952006552e+02
8.431081654678217774e+02
7.459334917764023203e+02
7.621145286380235575e+02
1.016814911521721342e+03
7.212957242401912481e+02
7.719424863007454860e+02
7.611870644159405401e+02
7.605580687574088188e+02
7.533965344719222230e+02
7.617534104699826685e+02
7.455295078870205998e+02
7.586119324289252290e+02
8.223641242847663761e+02
7.924838998016177811e+02
8.123138131313353369e+02
7.730975043128769357e+02
7.282919793157843742e+02
8.193384998686232166e+02
7.279178102570804185e+02
7.432996861695404505e+02
7.506596060656189593e+02
8.137516371455174067e+02
8.098443851182258868e+02
7.622268577906562541e+02
7.737631933020788892e+02
7.649723395968060231e+02
8.083255991915261802e+02
7.572954018657192137e+02
7.359698413335063378e+02
7.777860795740753019e+02
7.727558151338294010e+02
7.661113122668667756e+02
7.324725565744541882e+02
7.700472133116581972e+02
8.029924581204472815e+02
7.637705056315143111e+02
8.127858699518028516e+02
7.299034395523023022e+02
7.602113719760562844e+02
7.685558636587148840e+02
8.408727448485075229e+02
7.547991273455700139e+02
7.931576933376024954e+02
7.507986011574021177e+02
7.708144183074275588e+02
7.509631367220808897e+02
7.454796897400876787e+02
7.489715918192545132e+02
7.969093992897084036e+02
7.161328950279072387e+02
7.380449895229033928e+02
7.349988715611623320e+02
7.196404620662914340e+02
7.460495631857115768e+02
7.585165331753311193e+02
7.388622768640132108e+02
7.345269213831249999e+02
7.958788551407003524e+02
7.487930631206147609e+02
7.770067096356740421e+02
7.246784153979738221e+02
9.469275121632963419e+02
7.229490798152930893e+02
7.122337820025693418e+02
6.912053938618454367e+02
7.332384824825591068e+02
7.276975991109517281e+02
6.916893743311196658e+02
7.743550563431615501e+02
7.351322956572055318e+02
7.292456608543481025e+02
7.100401538334090219e+02
7.234215195687011146e+02
7.035542768045817184e+02
7.222796186154163252e+02
7.605630252280541299e+02
7.167505142585309841e+02
7.160413897182838809e+02
7.443619572380461022e+02
6.864792997270342312e+02
7.182112199393922083e+02
7.370649188503077767e+02
7.362394468084203254e+02
7.839913396854161647e+02
7.495501708866870558e+02
6.918124648660882485e+02
6.741171650841091605e+02
6.906844255649579054e+02
7.073983857638725112e+02
6.738702984955369857e+02
6.582170889305251649e+02
7.609129711335268667e+02
6.628573105072136968e+02
7.184830664156152125e+02
6.738876173339476736e+02
6.617818454788812232e+02
6.602534122704524862e+02
7.106706217151466944e+02
6.778029176634964870e+02
6.656710766762126923e+02
6.670474836719376981e+02
6.920970897240740669e+02
6.700411925543473899e+02
6.507307130455393462e+02
6.606711487070258499e+02
6.499854583619523964e+02
6.546762574476587133e+02
6.918100203340275129e+02
6.610024239908702839e+02
6.459021960980046515e+02
6.670210205978422664e+02
7.156446705511424398e+02
6.594781258130758488e+02
6.797192696391578011e+02
7.020582038253672863e+02
6.964552712229015015e+02
6.969582704594830602e+02
7.272936588360363430e+02
6.211543205651352082e+02
6.795410024265611355e+02
6.897733102814223685e+02
6.315009042875250316e+02
6.506669247985878428e+02
6.439438567375131015e+02
6.457644382166315609e+02
6.180860789589693240e+02
6.347918694875224901e+02
1.061214740236827083e+03
1.048599849652262037e+03
1.055852341218992933e+03
1.054993325828981369e+03
1.052684254180994913e+03
1.046273163220689639e+03
1.046139399951241558e+03
1.044849035263259793e+03
1.048423463953175542e+03
1.041043708442597790e+03
1.040744700726947258e+03
1.044210944962943358e+03
1.038007954287415032e+03
1.047439307568326058e+03
1.047686706605233667e+03
1.040304614256464902e+03
1.040991246473546653e+03
1.028787750923557269e+03
1.031874339498007657e+03
1.032355773593299318e+03
1.034121199026701106e+03
1.044017581426016022e+03
1.036649832306554345e+03
1.033270543539815890e+03
6.208245916200668262e+02
6.306654641109382737e+02
6.086352421834569668e+02
6.374865853465707914e+02
6.402892517082766517e+02
6.398258406020033817e+02
6.692266385110913234e+02
6.376989487741179801e+02
7.991163562211115732e+02
5.934933624796525464e+02
5.810153622557005519e+02
5.978471488822381161e+02
5.745434691505211049e+02
6.126699588230486597e+02
5.989027052119569134e+02
6.163084683174490692e+02
6.221049991417925185e+02
6.520266930255399984e+02
5.922278550804653605e+02
5.922278550804653605e+02
6.118999529337320382e+02
6.297271433358382637e+02
6.522852079511919783e+02
6.164255187062246932e+02
5.869685426084876099e+02
6.579189564435862394e+02
5.800943748772672279e+02
6.105371691290721401e+02
5.783763891618311845e+02
6.132760534576345890e+02
5.867944634311528489e+02
6.221815029979760538e+02
5.736037426313521337e+02
6.161059195451332471e+02
5.965430654996100657e+02
6.126415828105039054e+02
5.902233951593187840e+02
5.902233951593187840e+02
6.053659773412890672e+02
5.765327861963399982e+02
6.325652051240596165e+02
5.801625344732075291e+02
5.679595694613302612e+02
5.975214488260876351e+02
6.040906220426371647e+02
5.703102828042825649e+02
6.115640796377762172e+02
6.003570285757170950e+02
5.920549207886537033e+02
6.111012431216644245e+02
5.510025782948339383e+02
5.571528686427514003e+02
5.893109198872580237e+02
5.363460968902774084e+02
5.433241687638675330e+02
5.659769669199956752e+02
5.118368856148845225e+02
5.198973731810971231e+02
5.211924755028718437e+02
4.795156355794014758e+02
3.894197731157927933e+02
3.829975644258271927e+02
3.741188675234909056e+02
3.630805359262721481e+02
3.496574358322219496e+02
1.032941416284627621e+03
1.032035785458638202e+03
1.025027371398350624e+03
1.025447090246538210e+03
1.029950563384300722e+03
1.025503978279298281e+03
1.023226411100709015e+03
1.047039482135483240e+03
1.027204535133143736e+03
1.038584704254642020e+03
1.023842644440338631e+03
1.221028977637008438e+03
1.332457802209978809e+03
1.186702921027113462e+03
1.208867509264430964e+03
1.221466026746403259e+03
1.146988218619393137e+03
1.158669908983001051e+03
1.199556407861075286e+03
1.255528119960588583e+03
1.176942142780137829e+03
1.216186806319382868e+03
1.132202663841371304e+03
1.181447242962555038e+03
1.162333801566481498e+03
1.233771060048607069e+03
1.167052289493832177e+03
1.154423212541030807e+03
1.247011737145335474e+03
1.163851234676752028e+03
1.195401623748404063e+03
1.209879197764006449e+03
1.154648121085918774e+03
1.135734969701915361e+03
1.242163408496841384e+03
2.732433775622698704e+02
2.264538729768919154e+02
1.143230821276211145e+03
1.162994495830608003e+03
1.153535822241332426e+03
1.303536681077966250e+03
1.211562895892432607e+03
1.151810978126756254e+03
1.211025561040231196e+03
1.182099707321261576e+03
1.122297180115479705e+03
1.230746190414454986e+03
1.154177022698883320e+03
1.248078373974414262e+03
1.151124830518429917e+03
1.191453506240634169e+03
1.217916640964140470e+03
1.181990965640791273e+03
1.142128952955808018e+03
1.208146043858215307e+03
1.225946457371617726e+03
1.138119517427417122e+03
1.168991214221364999e+03
1.175274390188810003e+03
1.246036643858437628e+03
1.129710068051674398e+03
1.153659111967301669e+03
1.189812169472599408e+03
1.189685112920544043e+03
1.165296684864207236e+03
1.150526532181906759e+03
1.131667101941642159e+03
1.312467025199989166e+03
1.289192091670023274e+03
1.319930185531676443e+03
1.307282442258003130e+03
1.315867034637617280e+03
1.324248795076723354e+03
1.294086247818785750e+03
1.312838870232124691e+03
1.322199114516535019e+03
1.301348134181954720e+03
1.310182629988951703e+03
1.325710670348672238e+03
1.325669345513860208e+03
1.302280264848807747e+03
1.303441201838035795e+03
1.336333087336625795e+03
1.294318991880075146e+03
1.337732499235414707e+03
1.323049152620877067e+03
1.329590289549294312e+03
1.331150797851514881e+03
1.336274526242141064e+03
1.344183322720080696e+03
1.335356675195605931e+03
1.339157279561126870e+03
1.317791214129239734e+03
1.338571723951687545e+03
1.339527490090469200e+03
1.317412549412452336e+03
1.334735377304001076e+03
1.306912048227660989e+03
1.321618449094488142e+03
1.340811936255638784e+03
1.336406077498938203e+03
1.337125358992818292e+03
1.339127397809326567e+03
1.339086588849924510e+03
1.339631520748352159e+03
1.338768147491021864e+03
1.315349119545702933e+03
1.311073238697306351e+03
1.326853368175636433e+03
1.341524837610374334e+03
1.339132049545973132e+03
1.341650673916354663e+03
1.346445306574948063e+03
1.332662813221365013e+03
1.343296932888550373e+03
1.345587659634212514e+03
1.351258033883915687e+03
1.329804008065950029e+03
1.327750394649171994e+03
1.343412690858109272e+03
1.324021669852446166e+03
1.354194770415806943e+03
1.361194447656977445e+03
1.354064533360413407e+03
1.352594904659575377e+03
1.350230616634679564e+03
1.357903567180761002e+03
1.350878910788772600e+03
1.325978262157809240e+03
1.327191533648673840e+03
1.357049267636838977e+03
1.361428377890945285e+03
1.355400906205185720e+03
1.343878500278436150e+03
1.358551949186299453e+03
1.361700133457918810e+03
1.331509478721514824e+03
1.326725253208242748e+03
1.366352403765332156e+03
1.366422970714173971e+03
1.366340376134220151e+03
1.364566075416010563e+03
1.366240460795233957e+03
1.377139648215221541e+03
1.370500458338358385e+03
1.374051512887052468e+03
1.361626131191994546e+03
1.365486927997460953e+03
1.378900283225445719e+03
1.366683283252890988e+03
1.369065019930470044e+03
1.371665753967980436e+03
1.376789528998898504e+03
1.357143502067901863e+03
1.350391606258012416e+03
1.373831811463983286e+03
1.373045003431585656e+03
1.377160123450040146e+03
1.380271461706480522e+03
1.367950789254191250e+03
1.382017913704460398e+03
1.376692429278474492e+03
1.377828317328931689e+03
1.378055509873217943e+03
1.386073273851729027e+03
1.384826867330840741e+03
1.380024009756157056e+03
1.300284918699673881e+03
1.284292064001495874e+03
1.302000548512680552e+03
1.287646981835592896e+03
1.308883963243462631e+03
1.284979143684221754e+03
1.290006143828690028e+03
1.304042406800667777e+03
1.290296371641009955e+03
1.299318179899776396e+03
1.297123124828044638e+03
1.294048056932765121e+03
1.300673588993498697e+03
1.288418276528031129e+03
1.295213406572236636e+03
1.286699432636440406e+03
1.301835803596693722e+03
1.288505059386404355e+03
1.278563149680016295e+03
1.302352294567851459e+03
1.290442332223575931e+03
1.282481069273080493e+03
1.287177262780920728e+03
1.279066421364017060e+03
1.283236298350055449e+03
1.277942557854132474e+03
1.277706695275884840e+03
1.282852998503272829e+03
1.282964762006690307e+03
1.289787399437848762e+03
1.272277379932067788e+03
1.296922665333648638e+03
1.287363340906414123e+03
1.276038068812749543e+03
1.292518262720261646e+03
1.285312235204444050e+03
1.290770750035737137e+03
1.284075675451940924e+03
1.285865011228019966e+03
1.274742821789171330e+03
1.278999869561946298e+03
1.281224957642122490e+03
1.288924465205911702e+03
1.267716647865134519e+03
1.264799018358411786e+03
1.281789818309429165e+03
1.277677819571535338e+03
1.276111442800730629e+03
1.277149304204042437e+03
1.274681807161952520e+03
1.262263658815883900e+03
1.272903437732281418e+03
1.258208872264228148e+03
1.265296806288617290e+03
1.266284927560479446e+03
1.254542406493996396e+03
1.266325758556578421e+03
1.269081699767232294e+03
1.254959196687915892e+03
1.256446188745803056e+03
1.273914018466715333e+03
1.263983502318874571e+03
1.261008951609527685e+03
1.264398450224088947e+03
1.273226473764995262e+03
1.266783273272419137e+03
1.244578096547454834e+03
1.263631931028947520e+03
1.252484991703274545e+03
1.260428286850095674e+03
1.262625976907416316e+03
1.268056954748056341e+03
1.265414652409087239e+03
1.266725553003961068e+03
1.249007478412032242e+03
1.257896800523492402e+03
1.265102918728432087e+03
1.251800728002499682e+03
1.267861047570807386e+03
1.265552441268598614e+03
1.256674646406506326e+03
1.245813708984945379e+03
1.240479972249710272e+03
1.243436535339792044e+03
1.245359419737231974e+03
1.256211448958432356e+03
1.252085532255051930e+03
1.256921303831153182e+03
1.244316349822764323e+03
1.255290071360865113e+03
1.253137827412530442e+03
1.248959788879373946e+03
1.239193303986496403e+03
1.242767175437165861e+03
1.247291262148346050e+03
1.253142273674743592e+03
1.246823271805443483e+03
1.247722373018024427e+03
1.244805160805001833e+03
1.242670381047969840e+03
1.234228166942730468e+03
1.248531770219955433e+03
1.235460567036422617e+03
1.246347565857641484e+03
1.239336663822215996e+03
1.243824603486194292e+03
1.239398926473976417e+03
1.231717952483694489e+03
1.240675401671872123e+03
1.234451736198634990e+03
1.230274895751105532e+03
1.232066328051491382e+03
1.243825685703784529e+03
1.231973010156780447e+03
1.230416025463997130e+03
1.235331448626527163e+03
1.240556696024012126e+03
1.224519938900650004e+03
1.228801192546906577e+03
1.237170580512075276e+03
1.228497660770889297e+03
1.233210273879781425e+03
1.232907427967046033e+03
1.226296320047070594e+03
1.227313693785373516e+03
1.224877997878467340e+03
1.214086574637339936e+03
1.226679260258709519e+03
1.224790793179264028e+03
1.218956115352907091e+03
1.223897450307226336e+03
1.221888721435081607e+03
1.230591397215909865e+03
1.230170988999577958e+03
1.223934783735960764e+03
1.229120571694294995e+03
1.214658925616897022e+03
1.218132723276399020e+03
1.216466672173577990e+03
1.217850574985023286e+03
1.228313341895779558e+03
1.220576130991132686e+03
1.228920993916055068e+03
1.225293048991674823e+03
1.224339785241116942e+03
1.203458089582909452e+03
1.219159337985351613e+03
1.224517019338034970e+03
1.201907507558867337e+03
1.208689048309084228e+03
1.225930462555818167e+03
1.204001857717342318e+03
1.217599466386084941e+03
1.204862997855477943e+03
1.200854718880157861e+03
1.201329789816834591e+03
1.207482395179855303e+03
1.214896225317267863e+03
1.213792446266912293e+03
1.209363223754611909e+03
1.205341613132356088e+03
1.211305447757332104e+03
1.206732910000589527e+03
1.211046830574622845e+03
1.206676042740958792e+03
1.206535471716614666e+03
1.194858824608631039e+03
1.194291319174296405e+03
1.201069388245204891e+03
1.196053732172614900e+03
1.195513967063329574e+03
1.178155134434377487e+03
1.206498403889218480e+03
1.198716187008470797e+03
1.208761716188246282e+03
1.203286919667501024e+03
1.196670689439560192e+03
1.207174147151243687e+03
1.200148287628339176e+03
1.195050247576751190e+03
1.192682746078555965e+03
1.203921037292697974e+03
1.196243688696723893e+03
1.191577704098307322e+03
1.194789754255304160e+03
1.202351892376806973e+03
1.193274905580299901e+03
1.187330015345449056e+03
1.191375477920151980e+03
1.190614529113630169e+03
1.186154973900685945e+03
1.196482070676119974e+03
1.181211328961708659e+03
1.190764770752224877e+03
1.184961582599767553e+03
1.192113078553849164e+03
1.186569507897249650e+03
1.191706493788815351e+03
1.192146111386437269e+03
1.184861567372694253e+03
1.190760922354062814e+03
1.192967984940823726e+03
1.183269132489455842e+03
1.194295096420061782e+03
1.191914629840003272e+03
1.183325434626079186e+03
1.192192336036503093e+03
1.177835524724766174e+03
1.179389256076729907e+03
1.184694861036151906e+03
1.183844251453282595e+03
1.182769009880549675e+03
1.173767645365864155e+03
1.185231078970420867e+03
1.181363430931623725e+03
1.183111329264268988e+03
1.171066635405813713e+03
1.184122065628058635e+03
1.174809954287826940e+03
1.179106878705557619e+03
1.165684375065957283e+03
1.178749235382563029e+03
1.179223068080401390e+03
1.162096761346905623e+03
1.161950315713582540e+03
1.170980812048309417e+03
1.176230608297957815e+03
1.176853146807515259e+03
1.174898009905286926e+03
1.164825822302746246e+03
1.169706935912213112e+03
1.175934832787952928e+03
1.171266516767037729e+03
1.162643823832520411e+03
1.171158909022337639e+03
1.160813606576864686e+03
1.166021809073776467e+03
1.134977928167390019e+03
1.170544445429160305e+03
1.167643578746805133e+03
1.142865128800430966e+03
1.159856571270463292e+03
1.166979817203925904e+03
1.166558020421895208e+03
1.156590240190681016e+03
1.158866786003295829e+03
1.166192020397198121e+03
1.161133956547697153e+03
1.160749037578340221e+03
1.159773648551156157e+03
1.160743010764708288e+03
1.156864157352330949e+03
1.162213393073470570e+03
1.156190137777748305e+03
1.139198411206536321e+03
1.159150270932670537e+03
1.146009494336122088e+03
1.137252166931081319e+03
1.151271444111135679e+03
1.152614920376104010e+03
1.159159223842717665e+03
1.157986373233174390e+03
1.152362604295783740e+03
1.158745356977910433e+03
1.157091766572088090e+03
1.151132853107658320e+03
1.153202604998921970e+03
1.151791145280468754e+03
1.128364830197537458e+03
1.130528771506647900e+03
1.149898237741684852e+03
1.124231461738234657e+03
1.150196322048962429e+03
1.149420861288679589e+03
1.147385357767780988e+03
1.151059838327631496e+03
1.147939477292673473e+03
1.141980218745772845e+03
1.150037601814933623e+03
1.148093109996263593e+03
1.148496045260759956e+03
1.128326716648447245e+03
1.148028106479152484e+03
1.147991862642747947e+03
1.142090732989135859e+03
1.145283652874860763e+03
1.137627538803798188e+03
1.116438690197070173e+03
1.138890942125865877e+03
1.118278231972078174e+03
1.142701725359300781e+03
1.141878982552231946e+03
1.141751129192717599e+03
1.383492749428069601e+03
1.378394356238990213e+03
1.387188051803702137e+03
1.383029659137734825e+03
1.373635860003248354e+03
1.365402338221002083e+03
1.368783546070723105e+03
1.383432851200560663e+03
1.384065087882299167e+03
1.380775393639917183e+03
1.382295695589786419e+03
1.383754425600233617e+03
1.388318763083305157e+03
1.358933786627913378e+03
1.389171053227250468e+03
1.385300655105553915e+03
1.357754535136892173e+03
1.385415238461694344e+03
1.369114757090688272e+03
1.361433452067977441e+03
1.393957928301695574e+03
1.386365983261107203e+03
1.368494502175489288e+03
1.391027552427868386e+03
1.391299551800904055e+03
1.381110232597269714e+03
1.373593156798997825e+03
1.394377976667608209e+03
1.380656817119435573e+03
1.400915383058332964e+03
1.390985062703129870e+03
1.389901927042685202e+03
1.392108893143071100e+03
1.382569797285974346e+03
1.391381594236326464e+03
1.394527556994135011e+03
1.391325557607495284e+03
1.363429049938389880e+03
1.366172399004577073e+03
1.392105855416496752e+03
1.392836378052299324e+03
1.377425002175462396e+03
1.370792302097757556e+03
1.386745797528189087e+03
1.399108103134711428e+03
1.402149003660885910e+03
1.399519848438211739e+03
1.397194182329581281e+03
1.133684065114822261e+03
1.133909134684413175e+03
1.136454822220851611e+03
1.137729365655420679e+03
1.136974208684574933e+03
1.133666087261873145e+03
1.110175343119827176e+03
1.116502250997238434e+03
1.135073859462710971e+03
1.136407527659179095e+03
1.132672065517372857e+03
1.135219682111064003e+03
1.128746409672682830e+03
1.127447894196502602e+03
1.126674447355035682e+03
1.125391575993874540e+03
1.126790808247579434e+03
1.128677358658436333e+03
1.123448900264842905e+03
1.128300753196169580e+03
1.128048607553671900e+03
1.121790993365857048e+03
1.122403257981200113e+03
1.111620561132160447e+03
1.116132630906443637e+03
1.118363729262207926e+03
1.119811154093980349e+03
1.124596188227843186e+03
1.125319018944928303e+03
1.124634212715341391e+03
1.121714794698775677e+03
1.111775305020188171e+03
1.123677406741574941e+03
1.114839682905708287e+03
1.119953814214607064e+03
1.104654755345679860e+03
1.114045475828887220e+03
1.089860377612604452e+03
1.092164191382504214e+03
1.115797343549067364e+03
1.102209969178052006e+03
1.113126213699601294e+03
1.108241601004388713e+03
1.111409170966186139e+03
1.110569016543871157e+03
1.111515460064852732e+03
1.106806916915607871e+03
1.112506139130940937e+03
1.111263918328817454e+03
1.093292011336964833e+03
1.108423277036569743e+03
1.064977173994140685e+03
1.109302681501172174e+03
1.106673332252780483e+03
1.107263037601886253e+03
1.106405164261040227e+03
1.106686429044047600e+03
1.105073632931769680e+03
1.068670898821540277e+03
1.089306395707104002e+03
1.098326249715586300e+03
1.103951954814543569e+03
1.084943458566066965e+03
1.101652250607596216e+03
1.080441713204028247e+03
1.098020113827647947e+03
1.098768252645532357e+03
1.094312351978130891e+03
1.098022585181146496e+03
1.097827848070845221e+03
1.049338089663855044e+03
1.095146048641041716e+03
1.096264909268805241e+03
1.067043191334686526e+03
1.096226947713008940e+03
1.097613153122315907e+03
1.056345573226356692e+03
1.090411182893824389e+03
1.082946554513028104e+03
1.059244815889565416e+03
1.062864044691772733e+03
1.081106629437907031e+03
1.039156532132308030e+03
1.080323470086769476e+03
1.078537875244779798e+03
1.075559872998040419e+03
1.085400959607935420e+03
1.073381560077476479e+03
1.058582335465770939e+03
1.080344192814420467e+03
1.056549129132606367e+03
1.065416424190402040e+03
1.072120854070961741e+03
1.070084641031042793e+03
1.078809361205032246e+03
1.066564969926810363e+03
1.071112654991400404e+03
1.052063758342146684e+03
1.052934340254796098e+03
1.074172096900515044e+03
1.066388448945685241e+03
1.067550423174945081e+03
1.070316372613449403e+03
1.039644135912997626e+03
1.066990987638786919e+03
1.068884242124020602e+03
1.064395684015491270e+03
1.020759025422936361e+03
1.042620222646959519e+03
1.043318031351199352e+03
1.060450850487451817e+03
1.039548390514117955e+03
1.039305320866781130e+03
1.052099916120617308e+03
1.037871698328112188e+03
1.051855164831029697e+03
1.020783099190665098e+03
1.047613410128571786e+03
1.036271678881803155e+03
1.058506198051824640e+03
1.049912198591596507e+03
1.056553790709949681e+03
1.027109371387061856e+03
1.049260991899488772e+03
1.048296882601878679e+03
1.034488874536267758e+03
1.044513507049189911e+03
1.015129773565398182e+03
1.043741142790194317e+03
1.052324726823378114e+03
1.032513567170673923e+03
1.051239860342268457e+03
1.047800975945383925e+03
1.048744730534148175e+03
1.009742861660015933e+03
1.024859603182454066e+03
1.026059854339933963e+03
1.009000330471988718e+03
1.001845332748492638e+03
1.037146624161792261e+03
1.022428873283636904e+03
1.018115350388420552e+03
1.029814829466214178e+03
1.029190211008002052e+03
1.036995048229823396e+03
1.014735380174040188e+03
1.017135588984112815e+03
1.026929553203273599e+03
1.021921242250954151e+03
9.933858259663592207e+02
1.006907942425532156e+03
1.006471896284582158e+03
1.005261401379310769e+03
1.023786805643392313e+03
9.876298250127239271e+02
1.005272140870284488e+03
1.014685324535034511e+03
1.012295005326755472e+03
1.014181582303291407e+03
1.011246532057391619e+03
9.953840318319030303e+02
1.010160743275029404e+03
9.813834697669794878e+02
9.835786376862570251e+02
9.932415174318465461e+02
1.013853274433725460e+03
9.970577086850712476e+02
1.014780099013357813e+03
1.006545297225241370e+03
1.008477779384466317e+03
9.788500318966266605e+02
9.875132783317449139e+02
9.901843804609221706e+02
1.012321164114584349e+03
9.882642242068886844e+02
9.932232771119838617e+02
1.008732997987052158e+03
1.002724075621171664e+03
1.007346821851961977e+03
1.002315774844753037e+03
1.002302928060314457e+03
9.685860365466982103e+02
9.879027145414802362e+02
1.000950186507321291e+03
9.689856016292528693e+02
9.962225809022816065e+02
9.802038916730672327e+02
9.904472600801124145e+02
9.876484904151825504e+02
1.394535450523992722e+03
1.401462955935229729e+03
1.370141870954699243e+03
1.382571264116618067e+03
1.392979721062751423e+03
1.397426503721061181e+03
1.393571787178482509e+03
1.405528588814007662e+03
1.396514973182223684e+03
1.398265251831208616e+03
1.401363141700955339e+03
1.378061559246589241e+03
1.385316775211266304e+03
1.390903688200864963e+03
1.389612823813115028e+03
1.377038228643560160e+03
1.399993019584183230e+03
1.385684585010273622e+03
1.385528158738197590e+03
1.398574496393134496e+03
1.377874372023610931e+03
1.377016475322241149e+03
1.401958497337262315e+03
1.398262108325893223e+03
1.402289215081537577e+03
1.399466207871379083e+03
1.399553243098026769e+03
1.401875899132371160e+03
1.399420071298611674e+03
1.400632908285759640e+03
1.383835752350069924e+03
1.385118116355050461e+03
1.407318675371805284e+03
1.396077390784787212e+03
1.405276026839331507e+03
1.391164296551736243e+03
1.394337240202210978e+03
9.600340146544157278e+02
9.747402949374572927e+02
9.744900351397476470e+02
9.690703808981303382e+02
9.547819102029044416e+02
9.683626270914770657e+02
9.468756585166593140e+02
9.850244879684951229e+02
9.563830710108052244e+02
9.752108278048669945e+02
9.634000353826339733e+02
9.782657274965305305e+02
9.476506827585677684e+02
9.620206998487166175e+02
9.604691863467705844e+02
9.570353204634652684e+02
9.686967928214030508e+02
9.689482561794807225e+02
9.617221374877063909e+02
9.402900659100597522e+02
9.722500693656763815e+02
9.549496356449974428e+02
9.667805095289018027e+02
9.579607213399101511e+02
9.542367029812986630e+02
9.626410786266492323e+02
9.532419505584485933e+02
9.669220753200313538e+02
9.351416596078178145e+02
9.603098622488162164e+02
9.460831081458808285e+02
9.540747354942204765e+02
9.419726448921455813e+02
9.320667782152909240e+02
9.309316349087273466e+02
9.271267721218731594e+02
9.365885772423795288e+02
9.452827439491707082e+02
9.305409421006831963e+02
9.293414787591242430e+02
9.384191689719964415e+02
9.167430312730842843e+02
9.363437331134633723e+02
9.150394819169173388e+02
9.253582306635863688e+02
9.099234353474570298e+02
9.345989468433465390e+02
9.201844027625623994e+02
9.091897984866473053e+02
9.192796969976675427e+02
9.146241372592535299e+02
9.022311398878320006e+02
9.020923274050228429e+02
9.232841633197925830e+02
9.157014870915955953e+02
9.003127185784569519e+02
9.198138038616513086e+02
9.072839612736864865e+02
8.952054270057207077e+02
9.227044106939781614e+02
9.036394438675778247e+02
9.058275025892388612e+02
8.984272416566223001e+02
8.807349267365558489e+02
8.910775704587009614e+02
8.787389369622043205e+02
8.794421041326527302e+02
8.801684866677618402e+02
8.916952845092317830e+02
8.916804397312738502e+02
8.738484944602872702e+02
8.718234109113574277e+02
8.701347429599082943e+02
8.692001855685572309e+02
8.844535612293126405e+02
8.931281086573171706e+02
8.802412119046161934e+02
8.843809873423509771e+02
8.706567236703059507e+02
8.815481181605055099e+02
8.883960692252016997e+02
8.860906263627533690e+02
8.676206549811988680e+02
8.704614315347014326e+02
8.929476178783021396e+02
8.740765794039454022e+02
8.734397041232425636e+02
8.691675840975304936e+02
8.596983438751440190e+02
8.644183542034159018e+02
8.551194875030910225e+02
8.594483698725071008e+02
8.537442857159660434e+02
8.746097702564849214e+02
8.518844412536781192e+02
8.585207354515857787e+02
8.709144502062387119e+02
8.550802135466880145e+02
8.627086621705407197e+02
8.669744532013357912e+02
8.481055061157668433e+02
8.584921344541430699e+02
8.482667992499475531e+02
8.436895343263661289e+02
8.560140403748326889e+02
8.556735870943838336e+02
8.466966855606467561e+02
8.415339137986017022e+02
8.399464138362931180e+02
8.432143923228267113e+02
8.424182012974557665e+02
8.408639975629200762e+02
8.355258846177043779e+02
1.399525959616988757e+03
1.389317741813696102e+03
1.405918217709384862e+03
1.383150451118002820e+03
1.400500833577113099e+03
1.400466268121864232e+03
1.402167666791727243e+03
1.403739822168529372e+03
1.376663257353346580e+03
1.385269080214258565e+03
1.401975445902025285e+03
1.403213463154031615e+03
1.389876399284564059e+03
1.384333436340159324e+03
1.374762141082429025e+03
1.395376123805697944e+03
1.402313983621997977e+03
1.384458192587027270e+03
1.403132531595021192e+03
1.389311162192215306e+03
1.373007328425072501e+03
1.401499641900089955e+03
1.388070075635043395e+03
1.397362233696755538e+03
1.380656886864535181e+03
1.398047268129702843e+03
1.397441890795935478e+03
1.400260617756497822e+03
1.395398195969322387e+03
1.379700514703109320e+03
1.391980501164255429e+03
1.375411876516634948e+03
1.378183956772213605e+03
1.376492121950900582e+03
1.380830970484799082e+03
1.395526545137236553e+03
1.395107108502782694e+03
1.393423210815471975e+03
1.384024712118773550e+03
8.473681296130083638e+02
8.281240520182240061e+02
8.362165354291320227e+02
8.234680412490009758e+02
8.374396105459031787e+02
8.277025468901433669e+02
8.250516482316207885e+02
8.344526461467052059e+02
8.272527537859443783e+02
8.195818202654390916e+02
8.169901071493874269e+02
8.172148281373063128e+02
8.323640212736507920e+02
8.193636133020530679e+02
8.145154229399964834e+02
8.113329359550394884e+02
8.129327256723688606e+02
8.095703246830435091e+02
8.065827145640911340e+02
8.133154039009668850e+02
8.100394040071863628e+02
8.099898050335331163e+02
7.998507354470367545e+02
8.046178282143350771e+02
8.034641630571913993e+02
7.978314968232305091e+02
7.928116960114795120e+02
7.940094797738705665e+02
7.957244886373563304e+02
7.848831540667702029e+02
7.873074935836561963e+02
7.910249220937790824e+02
7.837235314313597883e+02
7.876972976557138963e+02
7.790559332438272122e+02
7.879787876553697288e+02
7.796007170667280661e+02
7.770632389313482236e+02
7.761704787513364181e+02
7.755708743371089895e+02
7.787749371716428186e+02
7.697744353040990291e+02
7.706501263305389102e+02
7.639483259507977664e+02
7.622697586420687230e+02
7.580264057114757179e+02
7.650368912170358726e+02
7.599053925190904692e+02
7.575906065396395661e+02
7.549741999912006349e+02
7.587036294947452006e+02
7.531138749515674817e+02
7.571518675737045214e+02
7.517434198422848795e+02
7.509605855658022620e+02
7.455554382398760254e+02
7.442685701421471549e+02
7.460029870970342927e+02
7.439927049294227572e+02
7.459677157014364184e+02
7.423461914343371291e+02
7.415171228051030994e+02
7.445977241610873989e+02
7.385942349790102526e+02
7.390489080150190375e+02
7.364080646465758946e+02
7.332540595110000368e+02
7.295735955705883953e+02
7.288955953233829632e+02
7.044546183080472019e+02
7.113170272662316620e+02
7.218372752255007754e+02
6.992417796137333426e+02
7.193973818019690043e+02
1.399173691704846760e+03
1.375854091146714381e+03
1.389455676458675953e+03
1.392089110314026129e+03
1.364064553877623439e+03
1.395483800044164809e+03
1.369184655100119244e+03
1.363922464092777773e+03
1.380054717260475854e+03
1.387912160035806210e+03
1.393418233313699602e+03
1.371379406163696331e+03
1.392875819723301902e+03
1.367013266450599076e+03
1.361262377425079649e+03
1.378652766675282237e+03
1.367573252834213463e+03
1.367510738559403080e+03
1.387099291723408896e+03
1.378580390591084324e+03
1.383783330342545923e+03
1.363743364195865070e+03
1.385141559847073040e+03
1.366005973130946359e+03
6.963081018161161637e+02
7.135298269536913267e+02
6.980640536178309503e+02
6.902783883090553445e+02
6.980062274272232798e+02
6.885232600363875690e+02
7.024246936824291652e+02
6.889465002108654517e+02
6.967938520116032350e+02
6.871116063880270985e+02
6.839255407103681819e+02
6.809375030632148764e+02
6.672828195436729857e+02
6.775200474519390355e+02
6.662828158796862681e+02
6.833823553774125230e+02
6.923080307942990430e+02
6.725253456949612882e+02
6.842477685669178982e+02
6.707559493662962495e+02
6.595376337567162182e+02
6.784533319657545007e+02
6.655727138015375886e+02
6.660020585955176102e+02
6.632639190195411629e+02
6.516074375136217895e+02
6.526968684239278673e+02
6.681878469495600257e+02
6.487638540027484169e+02
6.661260660913712854e+02
6.465281837814848132e+02
6.609103957872106321e+02
6.586933678648911155e+02
6.569716344146260099e+02
6.474094607805941450e+02
6.548234145796790244e+02
6.473810455623787448e+02
6.437654348191339295e+02
6.355734488759602527e+02
6.343217272520975030e+02
6.402924097032763484e+02
6.307253787198472992e+02
6.375891097467373356e+02
6.300411222040065695e+02
6.300411222040065695e+02
6.379191233476960861e+02
6.231297413193130978e+02
6.291115132005340911e+02
6.289602970500646961e+02
6.353442521814386055e+02
6.191309256052243200e+02
6.215784163450618962e+02
6.096777800588404261e+02
6.265110975306054115e+02
6.209480823970717438e+02
6.111823845469833714e+02
6.094925773595775809e+02
6.091960155773228962e+02
6.058678110499967033e+02
6.124328571461744559e+02
6.084964962848331425e+02
6.038559832342001528e+02
6.083900256069272245e+02
6.204548470177600166e+02
5.981224326062623504e+02
5.984707237375382647e+02
6.017949860062891503e+02
6.000489836351904387e+02
5.947129279105338355e+02
6.032986222940879770e+02
5.962622049381976694e+02
5.904907329192983525e+02
5.948300065599873960e+02
5.879391605198782145e+02
5.945621213436314747e+02
5.919903730718673387e+02
5.863889233932078469e+02
5.850560616964351084e+02
5.836243624175521063e+02
5.824120042838450217e+02
5.825534086744663682e+02
5.839088891493029223e+02
5.847428214918918457e+02
5.788306447082055683e+02
5.738364584736316374e+02
1.382696825956993507e+03
1.381232953338178504e+03
1.381541237930281568e+03
1.364850130777823779e+03
1.364638948510505088e+03
1.374897163298792748e+03
1.361980501918012351e+03
1.368309450292852944e+03
1.368460029305658963e+03
1.377337267537454863e+03
1.382961935526168872e+03
1.361404428210996457e+03
1.359644681665467488e+03
1.369204130372345844e+03
1.376587350729171021e+03
1.353497683587472693e+03
1.357309741363410012e+03
1.365072236980674234e+03
1.377521456403419052e+03
1.374526344149121087e+03
1.353410989492361296e+03
1.358574559365900996e+03
1.378831104693628276e+03
1.373324151734666202e+03
1.362307274249093780e+03
1.356509689185317939e+03
1.341251919252442804e+03
1.367306497901340663e+03
1.356473438127816280e+03
1.367389073819511395e+03
1.360984005542502700e+03
1.375357242574605834e+03
1.350439474681082402e+03
1.347335079805020996e+03
1.364956159889794662e+03
1.350021296599278230e+03
1.364942111237873860e+03
1.364105167039805110e+03
1.371698191681147819e+03
1.371696220469074433e+03
1.357967388145077166e+03
1.364757402546950289e+03
1.350997441342321281e+03
1.368011706923980682e+03
1.351630471851252878e+03
1.360332463157116990e+03
1.361073636074187334e+03
1.367681906455133003e+03
1.363328908789750813e+03
5.713384074948916123e+02
5.709178427463803018e+02
5.670757591801956323e+02
5.684131428359472693e+02
5.698307021602207669e+02
5.702120345373176633e+02
5.743086428931087539e+02
5.630565072921007186e+02
5.624375336423954650e+02
5.643804528861751351e+02
5.611369636685615205e+02
5.610792261226542905e+02
5.573753531450377068e+02
5.554361263271804319e+02
5.548065742573932084e+02
5.586709951770355929e+02
5.540170912526299389e+02
5.559693400823581442e+02
5.515692004926016807e+02
5.497173389407636250e+02
5.496003576221680760e+02
5.508502887881917331e+02
5.492552839840991510e+02
5.470740172314024221e+02
5.491231799163351752e+02
5.499296221884166016e+02
5.494756477899902620e+02
5.446919037655437705e+02
5.428211235939776316e+02
5.389089843228922518e+02
5.381938629761249331e+02
5.385519264356565827e+02
5.364509355898545664e+02
5.350386315869070586e+02
5.326888799943629920e+02
5.323888538743922254e+02
5.309809226920773426e+02
5.271155985477747663e+02
5.266036783721872325e+02
5.198807619994847755e+02
5.192913721894137780e+02
5.113431312251266263e+02
5.097677264055738533e+02
5.067411321531406543e+02
5.063759375374631873e+02
5.055496056963836509e+02
4.938268973215280653e+02
4.935158014548406413e+02
4.871510399733603549e+02
4.850797843804837157e+02
4.845234806712040267e+02
4.880817438834057498e+02
4.839323536960498018e+02
4.808802083202973563e+02
4.798949010263918353e+02
4.816745983956219561e+02
4.801953787757413465e+02
4.800410731064235961e+02
4.766295743486704737e+02
4.753482889819399588e+02
4.701645543623545223e+02
4.567787420672001986e+02
4.665994845715053430e+02
4.678683954928371804e+02
4.622375744635860997e+02
4.566593619100847263e+02
4.537007959719409769e+02
4.327080765323817673e+02
4.326440865450249476e+02
4.192730717236269697e+02
4.186664172587875328e+02
4.211951532836692991e+02
4.215503039231223283e+02
4.143791361852057662e+02
4.120567888551283886e+02
4.112434894998951336e+02
4.174621265149099258e+02
1.338844632718613184e+03
1.342980933136205067e+03
1.361960968477227880e+03
1.366243375642660794e+03
1.363131109285973707e+03
1.356648121165774000e+03
1.351382794662930792e+03
1.342099128198930430e+03
1.366404560472570438e+03
1.341460008754278306e+03
1.361490811858932830e+03
1.358384236829988595e+03
1.358065777666652139e+03
1.342631529371026545e+03
1.354818325267127193e+03
1.360651947554282742e+03
1.353614478439217692e+03
1.353432907521851575e+03
1.358055149603872678e+03
1.344250397522005414e+03
1.333397178360430644e+03
1.331875829646151715e+03
1.358615159224749505e+03
1.336204375146375241e+03
1.350021202546506856e+03
1.337211934322729576e+03
1.352394791262764102e+03
1.327114305190831146e+03
1.353849756000435946e+03
1.330194409940173955e+03
1.356350073698938786e+03
1.346837315999265684e+03
1.341407497897636631e+03
1.336677789018790691e+03
1.330954378941017012e+03
1.352278652934794763e+03
1.349212694325048233e+03
1.327716020438037276e+03
1.336917452313579588e+03
1.339596446611202509e+03
1.342563381490032725e+03
1.349155456085980632e+03
1.323474523604522574e+03
1.329514865729568101e+03
1.323924554877142100e+03
1.336860287261258463e+03
4.110385224030616200e+02
4.029149594831472427e+02
3.978296740817878003e+02
3.563022709912054893e+02
3.540477269038590293e+02
3.224672542871994665e+02
3.173767158195948923e+02
3.123291629990085312e+02
3.035223632999586698e+02
2.722129285657281912e+02
2.607587607059527954e+02
2.453122067335124825e+02
2.423344323853950186e+02
2.188756910326347054e+02
1.334604285415424783e+03
1.327731339856704608e+03
1.331035669064663352e+03
1.326983592800281258e+03
1.343008680177260885e+03
1.345078486943916687e+03
1.342470583474570276e+03
1.330390887047774186e+03
1.339198923002608581e+03
1.327272333651346798e+03
1.321861290426922324e+03
1.331720960245387914e+03
1.315283842912798264e+03
1.337640017055423641e+03
1.327249328972046214e+03
1.311431859532222461e+03
1.339038157779818221e+03
1.333347983067737005e+03
1.339196688156246410e+03
1.321124999205032282e+03
1.324068051684387910e+03
1.331284568016416415e+03
1.324563908989550100e+03
1.310161005199640385e+03
1.310639425369294486e+03
1.318160065322958644e+03
1.318271936904061931e+03
1.313324887960885917e+03
1.327525796492309610e+03
1.309875519792162322e+03
1.329966375541039042e+03
1.327849081747855280e+03
1.327595840374004638e+03
1.306742757589846860e+03
1.314209212215796242e+03
2.012121313139135736e+02
1.969238064046523675e+02
1.950496524611884581e+02
1.872171634667719502e+02
1.863166979872922013e+02
1.810330675177462183e+02
1.371079713882510305e+02
1.329703831768701434e+02
8.734836164831338579e+01
6.305858217247858022e+01
1.319366729297498068e+03
1.315675884427251049e+03
1.311702432307626168e+03
1.317234824667614930e+03
1.325181687442554903e+03
1.314001402531174790e+03
1.324881914466523995e+03
1.310660955207723873e+03
1.306717866467816293e+03
1.317000578461277883e+03
1.323469019730504215e+03
1.322217933426879199e+03
1.323559963683613887e+03
1.320508467356387882e+03
1.313984498811825915e+03
1.304391644240052983e+03
1.308048235358426609e+03
1.310426649567090180e+03
1.316378218405608550e+03
1.309930751172281816e+03
1.316205361168518721e+03
1.310221094849785686e+03
1.314632075738478079e+03
1.321772838416453851e+03
1.316031755368034965e+03
1.304595555523309486e+03
1.308822271046904916e+03
1.305692103995565503e+03
1.307397545699588591e+03
1.308767439084417219e+03
1.306651405672405190e+03
1.299083968625183388e+03
1.311916480904145828e+03
1.312403075952029667e+03
1.300038093039731848e+03
1.293763800918286051e+03
1.317281665524861182e+03
1.309570962735386502e+03
1.306003924072792870e+03
1.308184191249297328e+03
1.295713686954542027e+03
1.295849330967792866e+03
1.299309124106516720e+03
