ATNF Pulsar Catalogue
Catalogue Version: 1.67
--------------------------------------------------------------------------------------------------------------------------------------------------------------------------------
#     NAME                     Gl        Gb        RAJD                 DECJD                P0                                     F0                                   DIST
                               (deg)     (deg)     (deg)                (deg)                (s)                                    (Hz)                                 (kpc)
--------------------------------------------------------------------------------------------------------------------------------------------------------------------------------
1     J0023+0923    hrm+11     111.383   -52.849   5.82032291         3 9.38996121         7 0.003050203104754390     4  aab+21a    327.8470205611185      4  aab+21a    1.818
2     J0024-7204aa  phl+16     305.895   -44.889   6.02363            0 -72.08128          0 0.00184                  0  phl+16       543.478261           0  phl+16     2.688
3     J0024-7204ab  phl+16     305.891   -44.891   6.034006           3 -72.0798894        6 0.0037046394947985       6  frk+17     269.93179806134        4  frk+17     2.540
4     J0024-7204ac  rgf+21     305.898   -44.902   6.02363            0 -72.06806          0 0.00274                  0  rgf+21       364.963504           0  rgf+21     4.690
5     J0024-7204ad  rgf+21     305.898   -44.902   6.02363            0 -72.06806          0 0.00374                  0  rgf+21       267.379679           0  rgf+21     4.690

6     B0021-72C     mld+90     305.923   -44.892   5.9598108          5 -72.07541800      12 0.00575677999551635     14  frk+17     173.708218965958       4  frk+17     4.690
7     B0021-72D     mlr+91     305.881   -44.893   6.0578372          3 -72.07884789       6 0.00535757328486573      9  frk+17     186.651669856731       3  frk+17     4.690
8     B0021-72E     mlr+91     305.883   -44.883   6.0462720          3 -72.08893033       6 0.00353632915276244      4  frk+17     282.779107035000       3  frk+17     4.690
9     B0021-72F     mlr+91     305.899   -44.892   6.0160645          5 -72.07856064       6 0.00262357935251262      4  frk+17     381.158663656311       5  frk+17     4.690
10    B0021-72G     rlm+95     305.891   -44.893   6.0331679          5 -72.07769528      14 0.00404037914356515     14  frk+17     247.501525096385       8  frk+17     4.690

11    B0021-72H     mlr+91     305.896   -44.902   6.0279300          9 -72.06855742      17 0.00321034070935032     11  frk+17     311.49341784423        1  frk+17     4.690
12    B0021-72I     mlr+91     305.892   -44.893   6.0330612          9 -72.07768931      20 0.00348499206166289     13  frk+17     286.94469953049        1  frk+17     4.690
13    B0021-72J     mlr+91     305.909   -44.903   5.9975321          5 -72.06633078      14 0.00210063354535246      5  frk+17     476.04685844061        1  frk+17     4.690
14    B0021-72L     rlm+95     305.898   -44.888   6.0157171         13 -72.0824786        6 0.0043461679994616       4  frk+17     230.08774629142        2  frk+17     4.690
15    B0021-72M     mlr+91     305.913   -44.877   5.9770413         13 -72.0918767        6 0.0036766432176002       3  frk+17     271.98722878874        2  frk+17     4.690

16    B0021-72N     rlm+95     305.890   -44.897   6.0382833          9 -72.07469186      20 0.00305395434626085     10  frk+17     327.44431861739        1  frk+17     4.690
17    J0024-7204O   clf+00     305.897   -44.889   6.0193856          3 -72.08160194       6 0.00264334329724357      5  frk+17     378.308788360098       6  frk+17     4.690
18    J0024-7204P   clf+00     305.872   -44.904   6.08              13 -72.069           18 0.0036430207             3  rft+16     274.49748              2  rft+16     4.690
19    J0024-7204Q   clf+00     305.877   -44.899   6.0687121          5 -72.07365678      17 0.00403318118457258     15  frk+17     247.943237418920       9  frk+17     4.690
20    J0024-7204R   clf+00     305.892   -44.890   6.0316046          9 -72.08066539      14 0.00348046270749329     13  frk+17     287.31811946930        1  frk+17     4.690

21    J0024-7204S   clf+00     305.898   -44.892   6.0165808          5 -72.07843139      12 0.00283040595787912      8  frk+17     353.306209385356       9  frk+17     4.690
22    J0024-7204T   clf+00     305.890   -44.894   6.035621           3 -72.0774811        9 0.0075884798073671      12  frk+17     131.77869947406        2  frk+17     4.690
23    J0024-7204U   clf+00     305.890   -44.905   6.0409858          5 -72.06658006      12 0.00434282669639233     12  frk+17     230.264772211776       6  frk+17     4.690
24    J0024-7204V   clf+00     305.895   -44.889   6.02363            0 -72.08128          0 0.00481016762            7  rft+16     207.892963             3  rft+16     4.690
25    J0024-7204W   clf+00     305.894   -44.890   6.025242           5 -72.0803022        6 0.0023523445319370       3  rft+16     425.10779625320        5  rft+16     4.690

26    J0024-7204X   fre08      305.877   -44.952   6.0932735          4 -72.02151150      20 0.00477152291069356      5  rft+16     209.576694635350       2  rft+16     4.690
27    J0024-7204Y   frk+17     305.903   -44.891   6.0058442          5 -72.07828786      12 0.00219665714352123      5  frk+17     455.23717843241        1  frk+17     4.690
28    J0024-7204Z   frk+17     305.894   -44.887   6.025171           9 -72.0837444       17 0.004554447383906        3  frk+17     219.5656060346         1  frk+17     4.690
29    J0030+0451    lzb+00     113.141   -57.611   7.61428128        16 4.8610310          4 0.0048654532114961      19  aab+21a    205.53069910059        8  aab+21a    0.324
30    J0034-0534    bhl+94     111.492   -68.069   8.5909759          4 -5.5768672         9 0.0018771818845850       2  aaa+10b    532.71342974902        6  aaa+10b    1.348

31    J0101-6422    kcj+12     301.192   -52.720   15.2963179         9 -64.3750475        6 0.0025731519721683       2  kcj+12     388.62842568810        4  kcj+12     1.002
32    J0102+4839    hrm+11     124.874   -14.167   15.711117         13 48.661878         12 0.00296                  0  hrm+11       337.837838           0  hrm+11     2.310
33    J0125-23      mbc+19     189.069   -81.541   21.29167           0 -23.45722          0 0.00367586               0  mbc+19       272.045181           0  mbc+19     0.872
34    J0154+1833    mgf+19     143.185   -41.810   28.65367804       13 18.564099          3 0.0023645697763006       5  mgf+19     422.90991368608        8  mgf+19     1.622
35    J0218+4232    nbf+95     139.508   -17.527   34.526494038      17 42.53815976        3 0.00232309053151224      8  dcl+16     430.461054545748      15  dcl+16     3.150

36    J0248+4230    brj+21     144.877   -15.322   42.129179          5 42.505692         14 0.0026008347856317       3  brj+21     384.49193525267        4  brj+21     1.853
37    J0251+2606    cck+16     153.881   -29.486   42.760640          3 26.102769          6 0.0025415543469461       3  drc+21     393.46001048594        4  drc+21     1.170
38    J0307+7443    hrm+11     131.704   14.223    46.97917           0 74.72000           0 0.00316                  0  hrm+11       316.455696           0  hrm+11     0.386
39    J0312-0921    trr+21     191.510   -52.378   48.02583           0 -9.36556           0 0.003704                 0  trr+21       269.978402           0  trr+21     0.817
40    J0318+0253    wlz+18     178.457   -43.605   49.564754          5 2.883744          14 0.0051898521745201      14  wlc+21     192.68371552268        5  wlc+21     1.328

41    J0337+1715    rsa+14     169.990   -30.039   54.4326079         6 17.2541189         6 0.00273258863244         9  rsa+14     365.953363096         11  rsa+14     1.300
42    J0340+4130    hrm+11     153.783   -11.022   55.09703317        5 41.51258087        8 0.003299339366490734    17  abb+18     303.0909794113198     15  abb+18     1.603
43    J0406+30      mss+20     165.571   -16.338   61.5                 30.0                 0.0026                   0  mss+20     384.6                     mss+20     1.641
44    J0418+6635    trr+21     141.525   11.536    64.70000           0 66.59028           0 0.00291                  0  trr+21       343.642612           0  trr+21     2.206
45    J0437-4715    jlh+93     253.394   -41.963   69.316234057       3 -47.2525307539    20 0.005757451936712637    17  rhc+16     173.6879458121843      5  rhc+16     0.157

46    J0506+50      qpl+19     157.896   5.803     76.55875           0 50.50833           0 0.00339                  0  fermi21      294.985251           0  fermi21    1.383
47    J0509+0856    mgf+19     192.486   -17.931   77.34264521        5 8.9402847          3 0.0040558382315644       5  mgf+19     246.55815713199        3  mgf+19     0.817
48    J0514-4002A   fgri04     244.514   -35.036   78.5278863         9 -40.0469147        6 0.004990575114112        3  rfgr19     200.37770740535       10  rfgr19     12.100
49    J0533+6759    san16      144.780   18.183    83.4797504        13 67.9881914         9 0.0043881599698083       9  san16      227.88594920884        5  san16      2.392
50    J0557+1550    skl+15     192.684   -4.309    89.3810383         4 15.835013          3 0.0025563670767829       6  skl+15     391.18012787837        8  skl+15     1.834

51    J0605+3757    san16      174.193   8.022     91.2730996         5 37.959989          3 0.0027279541573939       5  san16      366.57507505747        7  san16      0.215
52    J0610-2100    bjd+06     227.747   -18.184   92.55664776        8 -21.00775869      12 0.0038613247042986       6  bjd+06     258.97847929928        5  bjd+06     3.259
53    J0613-0200    lnl+95     210.413   -9.305    93.433232924      10 -2.013121504      20 0.003061844088621657    10  rsc+21     326.600561967271       1  rsc+21     0.780
54    J0614-3329    rrc+11     240.501   -21.827   93.5431158        13 -33.4983661       12 0.003148669579439        9  rrc+11     317.5944552995         9  rrc+11     0.630
55    J0621+2514    san16      187.120   5.073     95.2952258         5 25.234397          9 0.0027217879391872       4  san16      367.40555191770        6  san16      1.641

56    J0636-3044    mbc+19     239.683   -16.344   99.28750           0 -30.84500          0 0.00394576               0  mbc+19       253.436600           0  mbc+19     0.715
57    J0636+5129    slr+14     163.909   18.643    99.02019777        3 51.48332374        3 0.002868952846616078     8  aab+21a    348.5592316999902      9  aab+21a    0.714
58    J0645+5158    slr+14     163.963   20.251    101.496176292     18 51.970809202      18 0.008853496686414667    11  aab+21a    112.94972319066427    13  aab+21a    1.220
59    J0646-54      ckr+15     264.400   -22.600   101.59333          0 -54.88250          0 0.00251                  0  fermi21      398.406375           0  fermi21    0.367
60    J0653+4706    bph+17a    169.259   19.783    103.274221        13 47.107478         12 0.00475                  0  bph+17a      210.526316           0  bph+17a    0.913

61    J0711-6830    bjb+97     279.531   -23.280   107.97575018       4 -68.513156817     12 0.005490968507655535    19  rsc+21     182.1172346200484      6  rsc+21     0.106
62    J0732+2314    mgf+19     195.931   19.035    113.156315         4 23.248392         20  0.004090                0  mgf+19     244.4905830450         0  mgf+19     1.151
63    J0740+41      slr+14     178.179   26.329    115.3              3 41.07             14 0.0031392150            48  slr+14     318.5510               5  slr+14     0.509
64    J0740+6620    slr+14     149.730   29.599    115.19080319       3 66.342644349      20 0.002885736411412693     5  cfr+20     346.5319964932129      6  cfr+20     1.150
65    J0751+1807    lzc95      202.730   21.086    117.78814721       6 18.1273573         3 0.00347877083927942      4  dcl+16     287.457853995101       4  dcl+16     1.110

66    J0824+0028    dsm+13     223.577   20.789    126.1035009        3 0.4668242          6 0.0098613486703673      10  mgf+19     101.40600778116        1  mgf+19     1.689
67    J0843+67      trr+21     147.800   35.600    130.84500          0 67.21889           0 0.002846                 0  trr+21       351.370344           0  trr+21     1.579
68    J0922-52      mlb+12     273.745   -1.415    140.50000          0 -52.00000          0 0.00968                  0  mlb+12       103.305785           0  mlb+12     0.355
69    J0931-1902    abb+15     250.999   23.054    142.82965478       5 -19.04861884       6 0.004638029391429419    20  aab+21a    215.6088104676294      9  aab+21a    3.722
70    J0952-0607    bph+17     243.652   35.380    148.0346725        3 -6.1231917         6 0.00141379835502312     12  ncb+19     707.31444583103        6  ncb+19     5.600

71    J0955-6150    ckr+15     283.668   -5.744    148.80000          0 -61.83333          0 0.001999                 0  ckr+15       500.250125           0  ckr+15     2.170
72    J1012-4235    ckr+15     274.218   11.225    153.053921        13 -42.598178        12 0.003101                 0  ckr+15       322.476620           0  ckr+15     0.372
73    J1012+5307    nll+95     160.347   50.858    153.13932687       5 53.11729541        4 0.00525574902131628      5  aab+21a    190.2678373613727     15  aab+21a    0.700
74    J1017-7156    kjb+12     291.558   -12.553   154.46383654       3 -71.944893078      8 0.002338514440402662     5  rsc+21     427.6219050534547      8  rsc+21     1.807
75    J1023+0038    asr+09     243.490   45.782    155.94869667      13 0.64467931        14 0.0016879874702211       3  akh+13     592.42145906986       10  akh+13     1.190

76    J1024-0719    bjb+97     251.702   40.515    156.161130712     15 -7.32208671        3 0.005162204641299514    19  rsc+21     193.7156834116254      7  rsc+21     1.220
77    J1035-6720    cpw+18     290.371   -7.843    158.864492         5 -67.3368589       17 0.0028720063916972       7  cpw+18     348.18864014054        8  cpw+18     1.460
78    J1036-8317    ckr+15     298.943   -21.497   159.169004        13 -83.298894        12 0.003408                 0  ckr+15       293.427230           0  ckr+15     0.931
79    J1045-4509    bhl+94     280.851   12.254    161.45910336       5 -45.16502896       4 0.00747422423014427      4  rsc+21     133.7931495240541      7  rsc+21     0.340
80    J1048+2339    cck+16     213.172   62.139    162.1809098        4 23.6648345         6 0.0046651629372704       5  drc+21     214.35478534113        2  drc+21     2.002

81    J1101-6424    ncb+15     291.417   -4.023    165.404968         3 -64.4109256        6 0.005109272904279        2  ncb+15     195.72256536982        8  ncb+15     2.174
82    J1102+02      trr+21     252.063   53.694    165.50000          0 2.00000            0 0.00405                  0  wvumsp21     246.913580           0  wvumsp21   25.000
83    J1103-5403    kjr+11     287.421   5.529     165.888725        13 -54.062013         5 0.00339270965933         4  kjr+11     294.749654528          3  kjr+11     1.683
84    J1120-3618    rb13       283.125   23.036    170.0933           4 -36.3089           7 0.00555                  0  rb13         180.180180           0  rb13       0.953
85    J1122-3546    mss+20     283.238   23.661    170.50000          0 -35.76667          0 0.0078                   0  mss+20       128.205128           0  mss+20     0.656

86    J1124-3653    hrm+11     284.094   22.765    171.004650        13 -36.888639        12 0.00241                  0  hrm+11       414.937759           0  hrm+11     0.990
87    J1125-5825    kjv+10     291.893   2.602     171.4348568        3 -58.42135550      12 0.00310221391893416     16  nbb+14     322.350432991279      16  nbb+14     1.744
88    J1125-6014    fsk+04     292.504   0.894     171.48012346       3 -60.235193179     15 0.002630380781478504    14  rsc+21     380.173093964712       2  rsc+21     0.988
89    J1125+7819    slr+14     128.289   37.895    171.4994027        3 78.33019874        6 0.00420160911826384      6  aab+21a    238.004053174088       3  aab+21a    0.903
90    J1137+7528    san16      128.999   40.772    174.2585721       17 75.46730864       14 0.0025126423832770       7  san16      397.98739631853       12  san16      3.833

91    J1142+0119    san16      267.542   59.400    175.708937        13 1.32658            3 0.0050752983064042       5  san16      197.032753471488      20  san16      2.169
92    J1147-66      mlb+12     296.436   -3.944    176.75000          0 -66.00000          0 0.00372                  0  mlb+12       268.817204           0  mlb+12     1.789
93    J1207-5050    brj+21     295.861   11.422    181.8433497        3 -50.8440778        3 0.00484275732280295     19  brj+21     206.493931730035       8  brj+21     1.268
94    J1216-6410    fsk+04     299.096   -1.561    184.030582         4 -64.169229         3 0.003539375658423        3  lfl+06     282.53570587239       17  lfl+06     1.099
95    J1221-0633    mss+20     289.675   55.533    185.35333          0 -6.56417           0 0.00193                  0  fermi21      518.134715           0  fermi21    1.251

96    J1227-4853    rrb+15     298.965   13.796    186.994683         5 -48.8952058        9 0.001686375410273       12  rrb+15     592.987773605          4  rrb+15     1.613
97    J1231-1411    rrc+11     295.531   48.385    187.797138         3 -14.195453         6 0.003683878711077        3  rrc+11     271.4530196103         2  rrc+11     0.420
98    J1239+32      mss+20     151.215   84.429    189.8                32.0                 0.0047                   0  mss+20     212.8                     mss+20     2.224
99    B1257+12      wol90a     311.310   75.414    195.0149029        5 12.68235336        9 0.00621853194840048      3  kw03       160.8096586618355      8  kw03       0.709
100   J1301+0833    rap+12     310.811   71.282    195.40942          0 8.56597            0 0.00184                  0  rap+12       543.478261           0  rap+12     1.233

101   J1302-3258    hrm+11     305.590   29.835    195.60833          0 -32.98000          0 0.00377                  0  hrm+11       265.251989           0  hrm+11     1.432
102   J1304+12      fermi21    315.000   74.607    196.11250          0 12.04111           0 0.00418                  0  fermi21      239.234450           0  fermi21    *
103   J1306-4035    kbj+18     306.109   22.186    196.73458          9 -40.58981          6 0.00220453               2  kbj+18     453.611                5  kbj+18     4.700
104   J1308-23      mss+20     307.888   39.712    197.0                -23.0                0.00283                  0  mss+20     353.4                     mss+20     1.713
105   J1311-3430    pgf+12     307.681   28.176    197.9405175        9 -34.5084306       12 0.0025603710316720       3  pgf+12     390.56839326407        4  pgf+12     2.430

106   J1312+0051    san16      314.842   63.227    198.1943430        4 0.8500289          9 0.0042280189916604       2  san16      236.517386031723      12  san16      1.471
107   J1312+1810B   pqm+21     332.962   79.764    198.2                18.2                 0.00624                  0  pqm+21     160.3                     pqm+21     17.900
108   J1312+1810D   pqm+21     332.962   79.764    198.2                18.2                 0.00607                  0  pqm+21     164.7                     pqm+21     17.900
109   J1317-0157    mss+20     315.897   60.277    199.2                -2.0               0 0.00291                  0  mss+20     343.6                     mss+20     25.000
110   J1326-4728A   djk+20     309.077   14.948    201.665292        13 -47.503233         3 0.00410878619219         6  djk+20     243.380880198          3  djk+20     5.200

111   J1326-4728B   djk+20     309.107   14.957    201.70651          3 -47.490172         6 0.00479186916127        12  djk+20     208.686833122          5  djk+20     5.200
112   J1326-4728C   djk+20     309.090   14.949    201.68333          0 -47.50000          0 0.006867860069          10  djk+20     145.6057622            2  djk+20     5.200
113   J1326-4728D   djk+20     309.090   14.949    201.68333          0 -47.50000          0 0.0045788334643         15  djk+20     218.39623734           7  djk+20     5.200
114   J1326-4728E   djk+20     309.090   14.949    201.68333          0 -47.50000          0 0.00420771704066         4  djk+20     237.658566471          2  djk+20     5.200
115   J1327-0755    blr+13     318.383   53.848    201.989950         5 -7.924944         12 0.0026779231971205       2  blr+13     373.42370426279        3  blr+13     25.000

116   J1335-5656    nie+20     308.888   5.433     203.77250          0 -56.93361          0  0.003238                0  nie+20     308.86                 0  nie+20     *
117   J1337-6423    kjb+12     307.889   -1.958    204.382846         9 -64.384699         3 0.009423406717798       17  nbb+14     106.11873496995       19  nbb+14     5.940
118   J1342+2822A   hrs+07     42.219    78.747    205.5                28.4                 0.00254473838            4  pqm+21     392.967704             6  pqm+21     10.200
119   J1342+2822B   hrs+07     42.220    78.709    205.5461962        5 28.3778169         6 0.002389420757786        1  hrs+07     418.51147259915       18  hrs+07     10.200
120   J1342+2822C   hrs+07     42.217    78.707    205.54833          0 28.37722           0 0.002166                 1  hrs+07     461.7                  3  hrs+07     10.200

121   J1342+2822D   hrs+07     42.215    78.712    205.542            3 28.377             5 0.00544297516            6  hrs+07     183.7230504           20  hrs+07     10.200
122   J1342+2822E   pqm+21     42.217    78.709    205.5                28.4                 0.00547                  0  pqm+21     182.8                     pqm+21     10.200
123   J1342+2822F   pqm+21     42.217    78.709    205.5                28.4                 0.0044                   0  pqm+21     227.3                     pqm+21     10.200
124   J1400-1431    rsm+13     326.986   45.087    210.1541817        7 -14.5297348       17 0.00308423326039194      8  skm+17     324.229691976320       9  skm+17     0.278
125   J1402+13      fermi21    356.596   68.201    210.75000          0 13.15333           0 0.00589                  0  fermi21      169.779287           0  fermi21    *

126   J1405-4656    btb+15     315.826   14.079    211.339273         4 -46.933975         3 0.00760220343251         1  btb+15     131.54081035554       18  btb+15     0.669
127   J1417-4402    crr+16     318.861   16.144    214.3775           4 -44.0493           3 0.0026642160             4  crr+16     375.34494              6  crr+16     4.400
128   J1421-4409    kbj+18     319.497   15.809    215.3373495        3 -44.1512647        3 0.0063857288383424       1  sfj+20     156.599195693311       3  sfj+20     2.085
129   J1431-4715    btb+15     320.051   12.253    217.9359071        9 -47.2576594       12 0.0020119534425332       9  btb+15     497.0293938516         3  btb+15     1.562
130   J1431-5740    bbb+13     315.962   2.660     217.7645638       13 -57.6699083       12 0.0041105439567658      12  bbb+13     243.27680485062        8  bbb+13     3.554

131   J1431-6328    kdl+19     311.929   -2.037    213.3385           3 -63.46906         12 0.00277229565            2  kdl+19     360.711889             3  kdl+19     4.924
132   J1435-6100    clm+01     315.186   -0.641    218.834485         3 -61.0160989       20 0.009347972210248        7  clm+01     106.97507197376        8  clm+01     2.814
133   J1446-4701    kjb+12     322.500   11.425    221.64880023       4 -47.02410614       4 0.002194695780881595    15  rsc+21     455.644016228211       3  rsc+21     1.569
134   J1453+1902    lmcs07     23.395    60.812    223.44049735       7 19.03669839        9 0.00579230273884754     11  aab+21a    172.642909924795       3  aab+21a    1.269
135   J1455-3330    lnl+95     330.722   22.562    223.94987774       7 -33.51288526      14 0.00798720480668373      3  aab+21a    125.2002451675204      4  aab+21a    0.684

136   J1513-2550    san16      338.820   26.964    228.3471691        3 -25.8420236        9 0.0021190675651177       1  san16      471.90567042843        3  san16      3.956
137   J1514-4946    kcj+12     325.249   6.807     228.5796421        5 -49.7709767       14 0.0035893366796749       7  ckr+15     278.60300920296        5  ckr+15     0.909
138   B1516+02A     wakp89     3.870     46.802    229.638823         3 2.090986           9 0.005553592524205        2  awkp97     180.06362469727        7  awkp97     7.500
139   B1516+02B     wakp89     3.859     46.806    229.631075        13 2.087631          14 0.007946940657879       21  awkp97     125.8345875540         4  awkp97     7.500
140   J1518+0204C   hrs+07     3.856     46.797    229.63662039       9 2.0799487          3 0.0024839275702455       6  prf+14     402.58822840843        9  prf+14     7.500

141   J1518+0204D   hrs+07     3.859     46.796    229.63833          0 2.08111            0 0.002988                 1  hrs+07     334.67                12  hrs+07     7.500
142   J1518+0204E   hrs+07     3.864     46.795    229.64167          0 2.08278            0 0.003182                 1  hrs+07     314.27                10  hrs+07     7.500
143   J1518+0204F   pqm+21     3.859     46.796    229.6                2.1                0 0.00265                  0  pqm+21     377.4                     pqm+21     7.500
144   J1526-2744    fermi21    340.198   23.702    231.64167          0 -27.72611          0 0.00249                  0  fermi21      401.606426           0  fermi21    *
145   J1529-3828    nbb+14     333.886   14.728    232.312944         5 -38.479403         9 0.00848628211574         6  nbb+14     117.8372326493         7  nbb+14     4.296

146   J1536-4948    brj+21     328.198   4.789     234.09675379      13 -49.8151911        3 0.0030799140584053       6  brj+21     324.68438438109        6  brj+21     0.978
147   J1537-5312    ccb+20     326.351   1.935     234.4070611        8 -53.2069603        9 0.0069270955083835      15  ccb+20     144.36064852719        4  ccb+20     3.054
148   J1543-5149    kjb+12     327.921   2.479     235.9339575        9 -51.8318569        6 0.0020569603924157       6  nbb+14     486.15423208300       13  nbb+14     1.148
149   J1544+4937    brr+13     79.172    50.166    236.01869675       9 49.63201514        6 0.00215928839043292      5  brr+13     463.11553585462        1  brr+13     2.991
150   J1545-4550    bbb+13     331.892   6.988     236.483106078     16 -45.843757657     20 0.003575288623474622    11  rsc+21     279.6976986512927      8  rsc+21     2.222

151   J1546-3747A   lr11       337.023   13.268    236.51433          0 -37.78614          0 0.0026056722466          1  lr11       383.778121483         15  lr11       10.400
152   J1546-59      mlb+12     323.791   -3.390    236.50000          0 -59.00000          0 0.00780                  0  mlb+12       128.205128           0  mlb+12     3.888
153   J1547-5709    ccb+20     325.076   -2.052    236.850520         5 -57.1548805        5 0.0042911460641714       6  ccb+20     233.03797751128        4  ccb+20     2.695
154   J1551-0658    hrm+11     1.494     34.765    237.78006         17 -6.96847          17 0.00709                  0  hrm+11       141.043724           0  hrm+11     1.325
155   J1552-4937    fsk+04     330.342   3.372     238.0552954       17 -49.630484         4 0.0062843113814174      12  lem+15     159.12642440936        4  lem+15     3.060

156   J1552+5437    pbh+17     85.594    47.210    238.2222132        8 54.6182741         4 0.0024278884863579       6  pbh+17     411.88053142429       10  pbh+17     2.636
157   J1555-2908    rap+12     344.477   18.503    238.919411         5 -29.141229         4 0.00178750176696926     20  nie21      559.44000642613        6  nie21      7.555
158   J1600-3053    jbo+07     344.090   16.451    240.216262928      9 -30.89705350       3 0.003597928510587011    10  rsc+21     277.9377069492822      7  rsc+21     1.887
159   J1611-29      mss+20     347.109   16.285    242.7                -29.0                0.0096                   0  mss+20     104.2                     mss+20     7.464
160   J1614-2230    crh+06a    352.636   20.192    243.65211475       8 -22.5086934        4 0.003150807655690673     3  aab+21a    317.3789419337929      3  aab+21a    0.700

161   J1618-36      mbc+19     343.113   10.181    244.63375          0 -36.06167          0 0.005778747              0  mbc+19       173.047894           0  mbc+19     6.043
162   J1618-4624    ccb+20     335.816   2.792     244.7198991        6 -46.4097083       12 0.0059313674952810      16  ccb+20     168.59518497136        5  ccb+20     3.045
163   J1622-0315    san16      10.708    30.676    245.7484521       13 -3.2603689        20 0.003845429067931        3  san16      260.0490042423         3  san16      1.141
164   J1624-39      trr+21     341.199   6.701     246.10417          0 -39.85000          0 0.00296                  0  fermi21      337.837838           0  fermi21    2.629
165   J1625-0021    drc+21     13.890    31.827    246.2931579       13 -0.358044          3 0.0028336138772234       3  drc+21     352.90623328676        3  drc+21     0.951

166   J1627+3219    fermi21    53.000    43.200    246.98500          0 32.32750           0 0.00218                  0  fermi21      458.715596           0  fermi21    *
167   J1628-3205    rap+12     347.428   11.482    247.02917          0 -32.09692          0 0.00321                  0  rap+12       311.526480           0  rap+12     1.225
168   J1629-6902    eb01b      320.371   -13.926   247.2865442       17 -69.0459150        9 0.0060006034432179      19  eb01b      166.64990604074        6  eb01b      0.962
169   J1630+3734    san16      60.245    43.215    247.6519455        3 37.5783603         3 0.0033181121293936       9  san16      301.37619254680        9  san16      1.187
170   J1634+02      fermi21    18.299    31.302    248.70833          0 2.56750            0 0.00212                  0  fermi21      471.698113           0  fermi21    *

171   J1637-0314A   pqm+21     21.326    14.807    264.39953308      13 -3.2429931         3 0.00197997624609088     16  pqm+21     505.05656417562        4  pqm+21     9.300
172   J1637-0314B   pqm+21     13.040    27.651    249.4                -3.2               0 0.00852                  0  pqm+21     117.4                     pqm+21     9.300
173   J1637-0314C   pqm+21     13.040    27.651    249.4                -3.2               0 0.00846                  0  pqm+21     118.2                     pqm+21     9.300
174   J1637-0314D   pqm+21     13.040    27.651    249.4                -3.2               0 0.00289                  0  pqm+21     346.0                     pqm+21     9.300
175   J1637-0314E   pqm+21     13.040    27.651    249.4                -3.2               0 0.00228                  0  pqm+21     438.6                     pqm+21     9.300

176   J1640+2224    wol95      41.051    38.271    250.069771123     16 22.402451127      20 0.0031633158188015911    20  abb+18     316.12398422451724    19  abb+18     1.515
177   B1639+36B     and92      58.972    40.913    250.4182977        3 36.43291333       14 0.0035280718048989       3  wps+20     283.44094318360        2  wps+20     7.100
178   J1641+3627C   hrs+07     58.995    40.913    250.42086450      13 36.45076217        6 0.0037220816029988       9  wps+20     268.66686619507        6  wps+20     7.100
179   J1641+3627D   hrs+07     59.005    40.909    250.42664680       3 36.45783392        9 0.0031182888995986      20  wps+20     320.6886956910         2  wps+20     7.100
180   J1641+3627E   hrs+07     59.008    40.910    250.4250921        5 36.4597132         3 0.002486982497311        3  wps+20     402.0937023406         4  wps+20     7.100

181   J1641+3627F   wps+20     59.024    40.903    250.4358575       13 36.47111           0 0.003003500835980        9  wps+20     332.9448049492         9  wps+20     7.100
182   J1641+8049    slr+14     113.840   31.763    250.3368257       15 80.8313651         3 0.00202117938468221      9  lsk+18     494.76063707093        2  lsk+18     3.035
183   J1643-1224    lnl+95     5.669     21.218    250.909009161     20 -12.41629785       9 0.004621641526749906    20  rsc+21     216.3733370950632      9  rsc+21     0.740
184   J1646-2142    rb13       358.266   15.116    251.5755           3 -21.7025           4 0.00585                  0  rap+12       170.940171           0  rap+12     0.965
185   J1649-3012    nie+20     351.958   9.207     252.44292          0 -30.20583          0  0.003424                0  nie+20     292.02                 0  nie+20     *

186   J1652-48      kek+13     337.954   -3.019    253.22            13 -48.75            12 0.0037851238             4  kek+13     264.19215              3  kek+13     4.386
187   J1653-0158    nck+20     16.615    24.935    253.4085575        3 -1.97691472       14 0.0019676820247057       2  nck+20     508.21219457426        6  nck+20     0.840
188   J1653-2054    btb+15     359.969   14.261    253.37929          9 -20.91531          3 0.004129145284562        2  btb+15     242.18087063654       12  btb+15     2.635
189   J1657-0406A   pqm+21     15.137    23.076    254.3                -4.1               0 0.00473                  0  pqm+21     211.4                     pqm+21     4.400
190   J1657-0406B   pqm+21     15.137    23.076    254.3                -4.1               0 0.00735                  0  pqm+21     136.1                     pqm+21     4.400

191   J1658-5324    kcj+12     334.869   -6.625    254.6639316        4 -53.4019453        3 0.0024392959097964       3  ckr+15     409.95436264371        4  ckr+15     0.880
192   J1701-3006A   dlm+01     353.578   7.322     255.302123         3 -30.108381        10 0.0052415662037958      29  lfrj12     190.78267088868       11  lfrj12     7.050
193   J1701-3006B   pdm+03     353.574   7.319     255.302782         5 -30.11362          3 0.0035938521270515      34  lfrj12     278.2529621831         3  lfrj12     7.050
194   J1701-3006C   pdm+03     353.572   7.316     255.3036080       15 -30.116504         6 0.0076128487111379      68  lfrj12     131.35687282698       12  lfrj12     7.050
195   J1701-3006D   cha03      353.577   7.317     255.306513         7 -30.11182          3 0.0034177704450548      17  lfrj12     292.58840407111       15  lfrj12     7.050

196   J1701-3006E   cha03      353.576   7.317     255.305306         8 -30.11303          4 0.0032337373331158      65  lfrj12     309.2397115125         7  lfrj12     7.050
197   J1701-3006F   cha03      353.573   7.318     255.303426         7 -30.11439          3 0.0022947270806719      29  lfrj12     435.7816702574         6  lfrj12     7.050
198   J1701-3006G   rgf+21     353.578   7.316     255.3083           9 -30.112           12 0.004608102641          13  rgf+21     217.0090551            6  rgf+21     7.050
199   J1705-1903    mbc+19     3.148     13.042    256.36250          0 -19.13444          0 0.00248022               0  mbc+19       403.190040           0  mbc+19     2.395
200   J1708-3506    kjv+10     350.470   3.124     257.0734256        5 -35.1062889       12 0.0045051589484591       7  nbb+14     221.96775106948        3  nbb+14     3.320

201   J1709+2313    fcwa95     44.522    32.209    257.27413          3 23.224403          3 0.0046311962778409       2  lwf+04     215.926931187250      10  lwf+04     2.179
202   J1710+4923    slr+14     75.929    36.449    257.51850454      10 49.38652178        7 0.00322022839856445      5  lsk+18     310.536979440897       4  lsk+18     0.506
203   J1713+0747    fwc93      28.751    25.223    258.4563907697    15 7.793744379        3 0.004570136598623225     7  rsc+21     218.8118403947170      3  rsc+21     1.311
204   J1716+34      fermi21    58.100    33.702    259.03333          0 34.60306           0 0.00211                  0  fermi21      473.933649           0  fermi21    *
205   J1717+4308A   prl+20     68.336    34.861    259.27706833      17 43.13430017       17 0.0031597205227830       5  pqm+21     316.48368670253        5  pqm+21     8.300

206   J1719-1438    bbb+11a    8.858     12.838    259.7919705        3 -14.6335950       12 0.0057901517700238       5  nbb+14     172.707044602370      13  nbb+14     0.341
207   J1721-2457    eb01b      0.387     6.751     260.2729079       13 -24.951714        14 0.00349663378270016     19  jsb+10     285.989343507338      15  jsb+10     1.392
208   J1723-2837    fsk+04     357.616   4.260     260.846607         4 -28.63255          4 0.001855732795729       11  cls+13     538.870683485          3  cls+13     0.928
209   J1725-3853    mlb+12     349.372   -1.856    261.3636           4 -38.884500        14 0.004791822704           3  mlb+12     208.68885636          14  mlb+12     3.142
210   J1727-1609    fermi21    8.701     10.199    262.01250          0 -16.18611          0 0.00245                  0  fermi21      408.163265           0  fermi21    *

211   J1730-2304    lnl+95     3.137     6.023     262.59029571      17 -23.075321         3 0.008122798048058056    20  rsc+21     123.1102871305625      3  rsc+21     0.620
212   J1731-1847    kjv+10     6.890     8.151     262.82337426       8 -18.7924072        9 0.00234455954688568     11  nbb+14     426.51934403983        2  nbb+14     4.782
213   J1732-5049    eb01b      340.029   -9.454    263.19902793      10 -50.81672087      10 0.0053125502904328       3  rsc+21     188.23351221745        1  rsc+21     1.874
214   J1737-0811    blr+13     16.933    12.318    264.4463015        6 -8.1858019        14 0.0041750173128551       8  blr+13     239.51996484444        5  blr+13     0.206
215   J1738+0333    jac05      27.721    17.742    264.72486          0 3.553018519        9 0.0058500958597756860    11  fwe+12     170.93736991146392     3  fwe+12     1.471

216   J1740-5340A   dlm+01     338.165   -11.967   265.185788        17 -53.67803          3 0.00365032889720         1  dpm+01     273.9479176156         8  dpm+01     2.200
217   J1741+1351    jbo+07     37.885    21.641    265.379769744      8 13.862254413      10 0.003747154500259940     8  abb+18     266.8691669720664      5  abb+18     1.667
218   J1744-1134    bjb+97     14.794    9.180     266.122540741      5 -11.581865758     19 0.004074545942316071     4  rsc+21     245.4261196602377      2  rsc+21     0.395
219   J1744-7619    cpw+18     317.108   -22.459   266.002033         9 -76.320753         3 0.0046875240948954      11  cpw+18     213.33223675351        5  cpw+18     *
220   J1745+1017    bgc+13     34.869    19.254    266.390988         3 10.2979231         6 0.0026521296710897       4  bgc+13     377.05547013813        5  bgc+13     1.214

221   J1745-23      ccb+20     4.701     2.896     266.38            10 -23.42            12 0.00541669986           14  ccb+20     184.614253             5  ccb+20     7.941
222   J1747-4036    kcj+12     350.208   -6.412    266.95298503       8 -40.61521979      19 0.0016456096148060       9  aab+21a    607.6775384652         3  aab+21a    7.152
223   J1748-2021C   frb+08     7.721     3.804     267.2132217        7 -20.364947        12 0.006226932720487        3  frb+08     160.59270990836        6  frb+08     8.500
224   J1748-2021F   frb+08     7.727     3.802     267.2180579       13 -20.36092          3 0.003793629114948        3  frb+08     263.5998326931         2  frb+08     8.500
225   J1748-2446aa  fre08      3.839     1.687     267.02000          0 -24.77917          0 0.00578804               0  fre08        172.770057           0  fre08      6.900

226   J1748-2446ab  fre08      3.839     1.687     267.02000          0 -24.77917          0 0.00511971               0  fre08        195.323563           0  fre08      6.900
227   J1748-2446ac  fre08      3.839     1.687     267.02000          0 -24.77917          0 0.00508691               0  fre08        196.582994           0  fre08      6.900
228   J1748-2446ad  hrs+06     3.839     1.687     267.02000          0 -24.77917          0 0.00139595482            6  hrs+06     716.35556              4  hrs+06     6.900
229   J1748-2446ae  fre08      3.839     1.687     267.02000          0 -24.77917          0 0.00365859               0  fre08        273.329343           0  fre08      6.900
230   J1748-2446af  fre08      3.839     1.687     267.02000          0 -24.77917          0 0.00330434               0  fre08        302.632296           0  fre08      6.900

231   J1748-2446ag  fre08      3.839     1.687     267.02000          0 -24.77917          0 0.00444803               0  fre08        224.818628           0  fre08      6.900
232   J1748-2446ah  fre08      3.839     1.687     267.02000          0 -24.77917          0 0.00496515               0  fre08        201.403784           0  fre08      6.900
233   J1748-2446aj  crf+18     3.842     1.688     267.0208829        9 -24.776347        20 0.0029589095505841       4  crf+18     337.96234149929        4  crf+18     6.900
234   J1748-2446ak  crf+18     3.839     1.692     267.0153583        9 -24.77717          3 0.00189010668450548     15  crf+18     529.07066473956        4  crf+18     6.900
235   J1748-2446al  crf+18     3.841     1.709     267.0              8 -24.77            12 0.00595                  0  crf+18       168.067227           0  crf+18     6.900

236   J1748-2446an  rgf+21     3.842     1.685     267.0235791        7 -24.778342        20 0.0048023377671501       5  rgf+21     208.23191713844        2  rgf+21     4.389
237   J1748-2446C   lmbm00     3.841     1.689     267.01892          5 -24.7767          12 0.0084360953044          1  lmbm00     118.5382530563        15  lmbm00     6.900
238   J1748-2446D   rhs+05     3.839     1.687     267.02000          0 -24.77917          0 0.00471398               0  rhs+05       212.134969           0  rhs+05     6.900
239   J1748-2446E   rhs+05     3.839     1.687     267.02000          0 -24.77917          0 0.00219780               0  rhs+05       455.000455           0  rhs+05     6.900
240   J1748-2446F   rhs+05     3.839     1.687     267.02000          0 -24.77917          0 0.00554014               0  rhs+05       180.500854           0  rhs+05     6.900

241   J1748-2446H   rhs+05     3.839     1.687     267.02000          0 -24.77917          0 0.00492589               0  rhs+05       203.008999           0  rhs+05     6.900
242   J1748-2446I   rhs+05     3.839     1.687     267.02000          0 -24.77917          0 0.00957019               0  rhs+05       104.491133           0  rhs+05     6.900
243   J1748-2446K   rhs+05     3.839     1.687     267.02000          0 -24.77917          0 0.00296965               0  rhs+05       336.740020           0  rhs+05     6.900
244   J1748-2446L   rhs+05     3.839     1.687     267.02000          0 -24.77917          0 0.00224470               0  rhs+05       445.493830           0  rhs+05     6.900
245   J1748-2446M   rhs+05     3.839     1.687     267.02000          0 -24.77917          0 0.00356957               0  rhs+05       280.145788           0  rhs+05     6.900

246   J1748-2446N   rhs+05     3.839     1.687     267.02000          0 -24.77917          0 0.00866690               0  rhs+05       115.381509           0  rhs+05     6.900
247   J1748-2446O   rhs+05     3.839     1.687     267.02000          0 -24.77917          0 0.00167663               0  rhs+05       596.434514           0  rhs+05     6.900
248   J1748-2446P   rhs+05     3.839     1.687     267.02000          0 -24.77917          0 0.00172862               0  rhs+05       578.496141           0  rhs+05     6.900
249   J1748-2446Q   rhs+05     3.839     1.687     267.02000          0 -24.77917          0 0.002812                 0  rhs+05       355.618777           0  rhs+05     6.900
250   J1748-2446R   rhs+05     3.839     1.687     267.02000          0 -24.77917          0 0.00502854               0  rhs+05       198.864879           0  rhs+05     6.900

251   J1748-2446S   rhs+05     3.839     1.687     267.02000          0 -24.77917          0 0.00611664               0  rhs+05       163.488451           0  rhs+05     6.900
252   J1748-2446T   rhs+05     3.839     1.687     267.02000          0 -24.77917          0 0.00708491               0  rhs+05       141.145053           0  rhs+05     6.900
253   J1748-2446U   rhs+05     3.839     1.687     267.02000          0 -24.77917          0 0.00328914               0  fre08        304.030841           0  fre08      6.900
254   J1748-2446V   rhs+05     3.839     1.687     267.02000          0 -24.77917          0 0.00207251               0  rhs+05       482.506719           0  rhs+05     6.900
255   J1748-2446W   rhs+05     3.839     1.687     267.02000          0 -24.77917          0 0.00420518               0  rhs+05       237.801949           0  rhs+05     6.900

256   J1748-2446X   rhs+05     3.839     1.687     267.02000          0 -24.77917          0 0.00299926               0  fre08        333.415576           0  fre08      6.900
257   J1748-2446Y   rhs+05     3.839     1.687     267.02000          0 -24.77917          0 0.00204816               0  rhs+05       488.243106           0  rhs+05     6.900
258   J1748-2446Z   fre08      3.839     1.687     267.02000          0 -24.77917          0 0.00246259               0  fre08        406.076529           0  fre08      6.900
259   J1748-244am   ar18       3.839     1.687     267.0200979        9 -24.77978          3 0.0029338198772443      18  ar18       340.8525546358         2  ar18       4.395
260   J1748-3009    kek+13     359.272   -1.147    267.0989925       13 -30.153133        12 0.009683961337179        4  pbm+19     103.26352668931        4  pbm+19     5.053

261   J1750-3703B   frb+08     353.526   -5.006    267.5507375       17 -37.056369         6 0.006074542086503        6  frb+08     164.62146212170       16  frb+08     11.600
262   J1750-3703D   frb+08     353.532   -5.006    267.5545704       17 -37.051769         5 0.005139936774902        4  frb+08     194.55492232569       15  frb+08     11.600
263   J1751-2737    bdf+17     1.761     -0.376    267.80271          9 -27.62217          9 0.00223                  0  bdf+17       448.430493           0  bdf+17     3.483
264   J1751-2857    sfl+05     0.646     -1.124    267.88622165       8 -28.9629222        9 0.003914873259435        3  dcl+16     255.43611088557       20  dcl+16     1.089
265   J1754+0032    mbc+19     26.930    12.844    268.71667          0 0.60917            0 0.00441080               0  mbc+19       226.716242           0  mbc+19     4.021

266   J1757-5322    eb01       339.637   -13.980   269.3131729       13 -53.3739964       14 0.008869961227277        4  eb01b      112.74006440127        6  eb01b      0.945
267   J1801-0857A   lrfs11     19.225    6.762     270.4608738        5 -8.9588481        17 0.00717561460624        16  pmq+21     139.360884729          3  pmq+21     10.600
268   J1801-0857C   lrfs11     19.225    6.762     270.4614055        3 -8.9590831         9 0.0037386996643          5  pmq+21     267.47267494           3  pmq+21     10.600
269   J1801-0857D   lrfs11     19.237    6.746     270.4806800        9 -8.956746          3 0.00422653200317        15  pmq+21     236.600598138          8  pmq+21     10.600
270   J1801-0857E   pmq+21     19.225    6.762     270.4609300       13 -8.958692          6 0.007601670492227        5  pmq+21     131.55003245964        8  pmq+21     10.600

271   J1801-0857H   pqm+21     19.224    6.752     270.469123         4 -8.964764         14 0.005642723448168        7  pqm+21     177.2193886845         2  pqm+21     10.600
272   J1801-0857I   pqm+21     19.225    6.763     270.5                -9.0               0 0.00325                  0  pqm+21     307.7                     pqm+21     10.600
273   J1801-1417    fsk+04     14.546    4.162     270.46280555       8 -14.2929239        6 0.0036250967171671      17  dcl+16     275.85470899697       13  dcl+16     1.105
274   J1801-3210    kjv+10     358.922   -4.577    270.3578633        5 -32.181593         3 0.0074535843734649       6  pbm+19     134.16363857905        1  pbm+19     6.111
275   J1803+1358    fermi21    40.299    16.902    270.79583          0 13.99056           0 0.00152                  0  fermi21      657.894737           0  fermi21    *

276   J1803-3002A   pdc+05     1.025     -3.925    270.89167          0 -30.03389          0 0.007101392508118       16  zmc+20     140.8174521908         3  zmc+20     7.700
277   J1803-3002B   fre08      1.025     -3.925    270.89167          0 -30.03389          0 0.004397                 0  fre08        227.427792           0  fre08      7.700
278   J1803-3002C   fre08      1.025     -3.925    270.89167          0 -30.03389          0 0.005840                 0  fre08        171.232877           0  fre08      7.700
279   J1803-3002D   rgf+21     1.025     -3.925    270.89167          0 -30.03389          0 0.00553                  0  rgf+21       180.831826           0  rgf+21     5.814
280   J1804-2717    llb+96     3.505     -2.736    271.08805453       8 -27.2920375       12 0.009343030844543        4  dcl+16     107.03164921949        5  dcl+16     0.804

281   J1804-2858    mbc+19     1.995     -3.498    271.00634679      17 -28.9796133       20 0.00149268528411635     12  pbm+19     669.93358254482        5  pbm+19     8.186
282   J1805+0615    cck+16     33.351    13.005    271.42666538      13 6.255168           4 0.0021289064590218       5  drc+21     469.72472452336       10  drc+21     3.885
283   J1807-2459A   rgh+01     5.837     -2.203    271.83481502       7 -24.9980282       19 0.003059448798020229    30  lfrj12     326.856262685978       4  lfrj12     3.000
284   J1807-2459B   cha03      5.836     -2.206    271.8369634        3 -25.000532         5 0.00418617720284089     25  lfrj12     238.881430848499      15  lfrj12     3.000
285   J1810+1744    hrm+11     44.642    16.806    272.65533          5 17.743717         20 0.00166                  0  hrm+11       602.409639           0  hrm+11     2.361

286   J1811-2405    kjv+10     7.073     -2.559    272.83272521       8 -24.088451         3 0.00266059327687744      2  ngf+20     375.856020042880       3  ngf+20     1.830
287   J1813-2621    fsk+04     5.322     -4.112    273.4191319        5 -26.365849         5 0.0044300116286341      18  lem+15     225.73304176818       10  lem+15     3.159
288   J1814+31      fermi21    58.500    21.099    273.62917          0 31.50028           0 0.00209                  0  fermi21      478.468900           0  fermi21    *
289   J1816+4510    slr+14     72.830    24.735    274.1497265        3 45.1760727         3 0.0031931035538505       2  slr+14     313.174935649713      20  slr+14     4.356
290   B1820-30A     bbl+94     2.788     -7.913    275.9186959       15 -30.361146        13 0.0054400041632727      31  lfrj12     183.82338873035       11  lfrj12     7.900

291   J1823-3021D   lfrj12     2.787     -7.914    275.91888          3 -30.36213         10 0.003020060260978       59  lfrj12     331.119220673          7  lfrj12     7.900
292   J1823-3021E   fre08      2.775     -7.914    275.91221          0 -30.37286          0 0.004394                 0  fre08        227.583068           0  fre08      7.900
293   J1823-3021F   fre08      2.789     -7.914    275.91946          0 -30.36108          0 0.004850                 0  fre08        206.185567           0  fre08      7.900
294   J1823-3021G   rgf+21     2.790     -7.914    275.919672         4 -30.359897        14 0.00609129342151         4  rgf+21     164.168745585          1  rgf+21     7.900
295   J1823-3021H   rgf+21     2.788     -7.913    275.91867          0 -30.36108          0 0.00513                  0  rgf+21       194.931774           0  rgf+21     3.144

296   J1823-3543    fermi21    357.900   -10.300   275.89583          0 -35.74500          0 0.00237                  0  fermi21      421.940928           0  fermi21    *
297   J1824+1014    cck+16     39.076    10.647    276.062217         9 10.245506          9 0.004065916139472        4  drc+21     245.9470303118         2  drc+21     2.904
298   B1821-24A     lbm+87     7.797     -5.578    276.13336627       4 -24.8696885        7 0.00305431575773716      7  rsc+21     327.405572743031       7  rsc+21     5.500
299   J1824-2452B   fre08      7.798     -5.580    276.13671          0 -24.86978          0 0.006547                 0  fre08        152.741714           0  fre08      5.500
300   J1824-2452C   fre08      7.798     -5.580    276.13671          0 -24.86978          0 0.004159                 0  fre08        240.442414           0  fre08      5.500

301   J1824-2452E   fre08      7.798     -5.580    276.13671          0 -24.86978          0 0.00542                  0  fre08        184.501845           0  fre08      5.500
302   J1824-2452F   fre08      7.798     -5.580    276.13671          0 -24.86978          0 0.002451                 0  fre08        407.996736           0  fre08      5.500
303   J1824-2452G   fre08      7.798     -5.580    276.13671          0 -24.86978          0 0.005909                 0  fre08        169.233373           0  fre08      5.500
304   J1824-2452H   fre08      7.798     -5.580    276.13671          0 -24.86978          0 0.004629                 0  fre08        216.029380           0  fre08      5.500
305   J1824-2452I   fre08      7.798     -5.579    276.13554         17 -24.86906         17 0.003931852642           2  pfb+13     254.33303103          13  pfb+13     5.500

306   J1824-2452J   fre08      7.798     -5.580    276.13671          0 -24.86978          0 0.004039                 0  fre08        247.586036           0  fre08      5.500
307   J1824-2452K   fre08      7.798     -5.580    276.13671          0 -24.86978          0 0.004461                 0  fre08        224.164985           0  fre08      5.500
308   J1824-2452L   fre08      7.798     -5.580    276.13671          0 -24.86978          0 0.004100                 0  fre08        243.902439           0  fre08      5.500
309   J1825-0319    bbb+13     27.045    4.138     276.483138         3 -3.332658          5 0.004553527919736        4  bbb+13     219.60994148422       20  bbb+13     3.861
310   J1826-2415    bsb+19     8.553     -5.718    276.650108         4 -24.26514          9 0.0046957571305605       7  bsb+19     212.95820294706        4  bsb+19     2.735

311   J1827-0849    frm+18     22.364    1.221     276.90167          0 -8.82833           0 0.00224                  0  fermi21      446.428571           0  fermi21    *
312   J1828+0625    rb13       36.065    8.016     277.1168           3 6.4168             4 0.00363                  0  rap+12       275.482094           0  rap+12     0.999
313   J1832-0836    bbb+13     23.109    0.257     278.114968703     11 -8.61528710        4 0.002719112021018830     5  aab+21a    367.7671211299739      6  aab+21a    2.083
314   J1833-3840    ckr+15     356.011   -13.260   278.26917          0 -38.67944          0 0.00187                  0  fermi21      534.759358           0  fermi21    4.645
315   J1835-0114    ekl09      29.990    3.007     278.841325         4 -1.242669          6 0.005116387644239       12  eklk13     195.4503977286         5  eklk13     3.452

316   J1835-3259A   drr11      1.532     -11.371   278.93333          0 -32.99028          0 0.003889                 0  drr11        257.135510           0  drr11      10.000
317   J1836-2354A   lrfs11     9.886     -7.561    279.1060217        5 -23.914553         9 0.0033543360829062       1  lrfs11     298.121588082968       9  lrfs11     3.200
318   J1836-2354B   lrfs11     9.890     -7.554    279.101463        13 -23.90797         20 0.003232273969155        4  lrfs11     309.3797151921         4  lrfs11     3.200
319   J1838+0022g   hww+21     31.771    3.068     279.60             3 0.37               4 0.00509                  0  hww+21       196.463654           0  hww+21     4.071
320   J1840+0012g   hww+21     31.899    2.454     280.20             3 0.20               4 0.00534                  0  hww+21       187.265918           0  hww+21     3.515

321   J1843-1113    hfs+04     22.055    -3.397    280.92192465       5 -11.22529683      20 0.0018456663232093       6  dcl+16     541.80974503624       18  dcl+16     1.260
322   J1843-1448    fsk+04     18.782    -4.871    280.7557292       13 -14.803503         9 0.0054713308755095       6  lem+15     182.77088751407        3  lem+15     3.472
323   J1844+0028g   hww+21     32.580    1.740     281.15             3 0.480              4 0.00357                  0  hww+21       280.112045           0  hww+21     4.570
324   J1844+0115    csl+12     33.283    2.079     281.1689475       13 1.259715           4 0.004185543936664        3  csl+12     238.91757323111       15  csl+12     4.357
325   J1847+01      palfa21    33.519    1.524     281.77             3 1.22               4 0.0034630711             1  hww+21     288.761036             9  hww+21     0.893

326   J1847+0110g   hww+21     33.508    1.434     281.85             3 1.17               4 0.00653                  0  hww+21       153.139357           0  hww+21     4.582
327   J1849+0016g   hww+21     33.002    0.449     282.49             3 0.27               4 0.00181                  0  hww+21       552.486188           0  hww+21     4.579
328   J1850+0124    csl+12     34.025    0.959     282.504225         4 1.409614           9 0.003559763768043        6  csl+12     280.9175173300         4  csl+12     3.385
329   J1850+0242    skl+15     35.265    1.403     282.673679         5 2.715956           9 0.00447986404710         7  skl+15     223.221059721          3  skl+15     12.310
330   J1852-0044g   hww+21     32.395    -0.560    283.11             3 -0.73              4 0.00241                  0  hww+21       414.937759           0  hww+21     4.492

331   J1852+0309g   hww+21     35.821    1.270     283.05             3 3.15               4 0.00558                  0  hww+21       179.211470           0  hww+21     7.138
332   J1852-13      fermi21    21.300    -6.100    283.04583          0 -13.11333          0 0.00431                  0  fermi21      232.018561           0  fermi21    *
333   J1853-0008g   hww+21     33.014    -0.453    283.30             3 -0.13              4 0.00282                  0  hww+21       354.609929           0  hww+21     4.554
334   J1853-0842A   ypr+21     25.352    -4.318    283.26697537       9 -8.7078483         6 0.0021494330032835       4  ypr+21     465.23897161363        7  ypr+21     4.753
335   J1853+1303    fsk+04     44.875    5.367     283.488825925     12 13.062235740      19 0.00409179738358213      6  aab+21a    244.391377738396       3  aab+21a    2.083

336   J1854+0012g   hww+21     33.436    -0.546    283.57             3 0.20               4 0.00271                  0  hww+21       369.003690           0  hww+21     4.077
337   J1855-1436    san16      20.359    -7.570    283.9759525       13 -14.602494         9 0.003594091653371        1  san16      278.23441816295        8  san16      5.126
338   B1855+09      srs+86     42.290    3.060     284.401626217     10 9.721442158       18 0.005362100549682627    15  rsc+21     186.4940783438289      5  rsc+21     1.200
339   J1858+0244g   hww+21     36.114    -0.216    284.50             3 2.73               4 0.00261                  0  hww+21       383.141762           0  hww+21     4.724
340   J1858-2216    san16      13.581    -11.393   284.574497         4 -22.28233          3 0.0023840129012370       2  san16      419.46081729722        4  san16      0.921

341   J1858-5422    fermi21    342.100   -22.701   284.56250          0 -54.34306          0 0.00236                  0  fermi21      423.728814           0  fermi21    *
342   J1859+0026g   hww+21     34.290    -1.700    284.99             3 0.43               4 0.00857                  0  hww+21       116.686114           0  hww+21     6.506
343   J1859+0313g   hww+21     36.725    -0.347    284.90             3 3.22               4 0.00161                  0  hww+21       621.118012           0  hww+21     3.075
344   J1859+0658g   hww+21     40.002    1.481     284.77             3 6.97               4 0.00511                  0  hww+21       195.694716           0  hww+21     9.350
345   J1900+0308    csl+12     36.798    -0.658    285.2106450       13 3.140022           4 0.004909239016418        5  csl+12     203.6975581461         2  csl+12     4.801

346   J1901-0125    fermi21    32.817    -2.902    285.39083          0 -1.42472           0 0.00279                  0  fermi21      358.422939           0  fermi21    2.360
347   J1901+0300    skl+15     36.811    -0.974    285.4984033        5 3.0064789         14 0.007796776259722        4  skl+15     128.25813729784        5  skl+15     5.304
348   J1902-5105    kcj+12     345.650   -22.379   285.5118675        4 -51.0991582        3 0.00174239994990564     16  ckr+15     573.92104496683        5  ckr+15     1.645
349   J1903+0327    crl+08     37.336    -1.014    285.77413839       5 3.455335864       17 0.00214991236434921      5  fbw+11     465.135238339217       9  fbw+11     7.000
350   J1903+0839g   hww+21     42.041    1.197     285.97             3 8.65               4 0.00462                  0  hww+21       216.450216           0  hww+21     5.312

351   J1903-7051    ckr+15     324.391   -26.508   285.9116396       13 -70.8620725        6 0.0035978980188911      11  ckr+15     277.94006243351        8  ckr+15     0.930
352   J1904+0207g   hww+21     36.333    -1.990    286.18             3 2.12               4 0.00504                  0  hww+21       198.412698           0  hww+21     5.999
353   J1904+0451    skl+15     38.806    -0.787    286.2474367        9 4.865265           3 0.006092367929630        4  skl+15     164.1397912192         1  skl+15     4.401
354   J1904+0553g   hww+21     39.630    -0.164    286.07             3 5.88               4 0.00491                  0  hww+21       203.665988           0  hww+21     4.013
355   J1904+0836g   hww+21     42.078    1.016     286.15             3 8.60               4 0.00444                  0  hww+21       225.225225           0  hww+21     2.926

356   J1904+0852g   hww+21     42.353    1.066     286.23             3 8.87               4 0.00619                  0  hww+21       161.550889           0  hww+21     5.894
357   J1904-11      trr+21     24.100    -8.101    286.14167          0 -11.50944          0 0.00262                  0  fermi21      381.679389           0  fermi21    4.659
358   J1905+0154A   hrs+07     36.208    -2.201    286.3142          17 1.909              7 0.00319294082            1  hrs+07     313.1908972           10  hrs+07     7.900
359   J1905+0400    hfs+04     38.095    -1.289    286.36780598       7 4.00302306        17 0.0037844047882356       3  gsf+11     264.242346143483      16  gsf+11     1.064
360   J1906+0055    lbh+15     35.505    -3.000    286.70283546      17 0.9188572          3 0.0027895524236884       2  sab+16     358.48044708111        3  sab+16     4.477

361   J1906+0454    pkr+19     39.045    -1.167    286.6964154        3 4.9025117          6 0.0020832783349232       3  pkr+19     480.01267196822        5  pkr+19     4.092
362   J1908+0949g   hww+21     43.562    0.797     287.03             3 9.82               4 0.00905                  0  hww+21       110.497238           0  hww+21     6.001
363   J1908+2105    cck+16     53.692    5.775     287.2387250       13 21.0840906        17 0.00256439267063484      6  drc+21     389.955879788270       8  drc+21     2.601
364   J1909+1132g   hww+21     45.253    1.265     287.40             3 11.53              4 0.00680                  0  hww+21       147.058824           0  hww+21     8.104
365   J1909-3744    jbv+03     359.731   -19.596   287.4476345132    12 -37.737384372      3 0.0029471080705361012     9  rsc+21     339.3156871298895      1  rsc+21     1.140

366   J1910+1054g   hww+21     44.737    0.886     287.50             3 10.90              4 0.00387                  0  hww+21       258.397933           0  hww+21     4.372
367   J1910+1256    fsk+04     46.564    1.795     287.540422898     18 12.94040385        3 0.004983583942570281    10  aab+21a    200.6588052942980      4  aab+21a    1.496
368   J1910-5959A   dlm+01     336.525   -25.730   287.92814842      13 -59.97413969       9 0.00326618657079054      9  cbp+12     306.167445835148       9  cbp+12     4.000
369   J1910-5959B   dpf+02     336.494   -25.628   287.716898         3 -59.9835725       17 0.008357798500844        2  cpl+06     119.64873284502        3  cpl+06     4.000
370   J1910-5959C   dpf+02     336.464   -25.662   287.7731467       17 -60.0165833       12 0.0052773269323093      15  cpl+06     189.48987107047        6  cpl+06     4.000

371   J1910-5959D   dpf+02     336.493   -25.629   287.718401         3 -59.9848553       14 0.009035285247765        4  cpl+06     110.67719198432        5  cpl+06     4.000
372   J1910-5959E   dpf+02     336.494   -25.628   287.717322         3 -59.9839131       20 0.004571765939750        2  cpl+06     218.73385758998       10  cpl+06     4.000
373   J1910-5959F   rgf+21     336.491   -25.629   287.716942        13 -59.985917         9 0.008485493936967       15  rgf+21     117.8481780116         2  rgf+21     4.000
374   B1908+00A     dma+93     36.111    -3.918    287.79620654      17 1.0360392          6 0.003618524251059        2  fhn+05     276.35575461663       16  fhn+05     7.400
375   J1911+0101B   fhn+05     36.109    -3.926    287.8023854       17 1.030678           6 0.005384325706188        9  fhn+05     185.7242772016         4  fhn+05     7.400

376   J1911-1114    llb+96     25.137    -9.579    287.95534304      13 -11.2395781        9 0.003625745633114        5  dcl+16     275.8053380433         4  dcl+16     1.069
377   J1911+1347    fsk+04     47.518    1.809     287.980014475      6 13.792876623       9 0.004625962471274505     7  aab+21a    216.1712305730160      3  aab+21a    1.365
378   J1912+1417g   hww+21     48.022    1.904     288.13             3 14.28              4 0.00317                  0  hww+21       315.457413           0  hww+21     2.164
379   J1913+0618    lbh+15     41.034    -1.960    288.3244942        9 6.3022992         14 0.0050268612317532       8  pkr+19     198.93129209203        3  pkr+19     5.863
380   J1917+1259g   hww+21     47.430    0.235     289.37             3 12.98              4 0.00563                  0  hww+21       177.619893           0  hww+21     3.637

381   J1918-0642    eb01b      30.027    -9.123    289.700136342     12 -6.70969457        4 0.007645872769642047    10  abb+18     130.78951613875947    16  abb+18     1.111
382   J1918+1540g   hww+21     49.897    1.310     289.58             3 15.67              4 0.00428                  0  hww+21       233.644860           0  hww+21     6.477
383   J1918+1547g   hww+21     50.028    1.311     289.64             3 15.78              4 0.00376                  0  hww+21       265.957447           0  hww+21     2.185
384   J1919+23      fermi21    57.300    4.901     289.85833          0 23.87944           0 0.00463                  0  fermi21      215.982721           0  fermi21    *
385   J1921+0137    san16      37.825    -5.938    290.3762819        3 1.6237608          9 0.0024963718144300       2  san16      400.58135339440        4  san16      5.085

386   J1921+1929    pkr+19     53.619    2.453     290.34729458      17 19.4895275         3 0.00264634144946923     15  pkr+19     377.88018632311        2  pkr+19     2.434
387   J1923+2515    lbr+13     58.946    4.749     290.843717587     13 25.261272538      19 0.003788155520882833     8  aab+21a    263.9807142255208      5  aab+21a    1.201
388   J1924+1343g   hww+21     48.860    -0.891    291.08             3 13.72              4 0.00572                  0  hww+21       174.825175           0  hww+21     3.045
389   J1924+2027g   hww+21     54.819    2.246     291.14             3 20.45              4 0.00195                  0  hww+21       512.820513           0  hww+21     5.294
390   J1925+1629g   hww+21     51.392    0.243     291.29             3 16.48              4 0.00411                  0  hww+21       243.309002           0  hww+21     5.118

391   J1928+1245    pkr+19     48.534    -2.290    292.1891400        3 12.7648261         9 0.0030216063479651       6  pkr+19     330.94979452682        6  pkr+19     6.079
392   J1928+1902g   hww+21     53.965    0.845     292.02             3 19.03              4 0.00580                  0  hww+21       172.413793           0  hww+21     1.495
393   J1930+1403g   hww+21     49.843    -2.006    292.57             3 14.05              4 0.00321                  0  hww+21       311.526480           0  hww+21     4.740
394   J1930+2441    pkr+19     59.228    3.002     292.6891602        3 24.6837678         3 0.0057674069326982       7  pkr+19     173.38814681699        2  pkr+19     3.268
395   J1933-6211    jbo+07     334.431   -28.632   293.3851112        3 -62.1963544        3 0.0035434314937910       3  gvo+17     282.21231361528        2  gvo+17     0.650

396   J1935+1726    lcm13      53.368    -1.374    293.766450        13 17.441239          9 0.004200101791882        7  lcm13      238.0894677202         4  lcm13      2.305
397   J1936+1952g   hww+21     55.595    -0.388    294.00             3 19.87              4 0.00972                  0  hww+21       102.880658           0  hww+21     8.576
398   J1937+1658    pkr+19     53.237    -2.090    294.3537855        4 16.9784869         6 0.00395766764533531     16  pkr+19     252.67407210877        1  pkr+19     3.259
399   J1938+2012    lbh+15     56.205    -0.764    294.6670012        5 20.2141186         9 0.0026341351275486       6  sab+16     379.63124577084        9  sab+16     6.301
400   B1937+21      bkh+82     57.509    -0.290    294.910671620      3 21.583088706       4 0.001557806567041489    20  rsc+21     641.928222127829       8  rsc+21     3.500

401   J1940+26      palfa21    61.432    1.780     295.05             4 26.02              4 0.0048135292            14  hww+21     207.74778              7  hww+21     7.924
402   J1943+2210    skl+15     58.439    -0.730    295.8187125        5 22.1730975         6 0.005084173689953        6  skl+15     196.6887956594         2  skl+15     6.774
403   J1944+0907    clm+05     47.160    -7.357    296.03887491       3 9.12306353         5 0.005185201908798642    14  aab+21a    192.8565208431179      5  aab+21a    1.218
404   J1944+2236    csl+12     58.900    -0.663    296.004461         5 22.606283          6 0.003617993078111        7  csl+12     276.3963275801         5  csl+12     7.600
405   J1946+3417    bck+13     69.294    4.713     296.60470790       4 34.28741392        4 0.00317013917902887      8  aab+21a    315.443563681749       7  aab+21a    6.940

406   J1946-5403    ckr+15     343.885   -29.580   296.643737        13 -54.061808        12 0.002710                 0  ckr+15       369.003690           0  ckr+15     1.148
407   J1947-18      mbc+19     21.541    -20.617   296.87917          0 -18.97000          0 0.00260323               0  mbc+19       384.138167           0  mbc+19     1.101
408   J1947+2011g   hww+21     57.242    -2.635    296.95             3 20.18              4 0.00817                  0  hww+21       122.399021           0  hww+21     4.283
409   J1950+2414    kls+15     61.098    -1.169    297.68776525      10 24.24915664       12 0.0043047754832565       7  zfk+19     232.300152212240      37  zfk+19     7.269
410   J1952+2702g   hww+21     63.669    -0.046    298.07             3 27.03              4 0.00414                  0  hww+21       241.545894           0  hww+21     7.803

411   J1953+1844g   hww+21     56.701    -4.579    298.43             3 18.73              4 0.00444                  0  hww+21       225.225225           0  hww+21     4.353
412   J1953+1846A   hrs+07     56.746    -4.564    298.4                18.8                 0.004888                 1  hrs+07     204.58                 5  hrs+07     4.000
413   J1955+2527    dfc+12     62.740    -1.571    298.9974801        3 25.4509564         6 0.0048727658629793      17  dfc+12     205.22225531037        7  dfc+12     8.177
414   B1953+29      bbf83      65.839    0.443     298.86614693       4 29.14539814        3 0.00613316651623409      3  aab+21a    163.0479129097612      7  aab+21a    6.305
415   J1955+6708    slr+14     99.682    18.938    298.9115290        6 67.13753627       20 0.0085654062678145       8  lsk+18     116.74869454326        1  lsk+18     5.304

416   J1957+2516    lbh+15     62.769    -1.973    299.3942146       13 25.2672433         9 0.003961655342404        1  sab+16     252.41973709737        7  sab+16     2.659
417   B1957+20      fst88      59.197    -4.697    299.9032078        3 20.80420061       17 0.00160740168480632      3  aft94      622.122030511927      12  aft94      1.400
418   J2006+0148    drc+21     43.395    -15.763   301.6210537        9 1.8149775         20 0.00216355679356697     15  drc+21     462.20187192375        3  drc+21     2.437
419   J2010-1323    jbo+07     29.446    -23.540   302.691339277     20 -13.39891535       8 0.005223271016861680     5  aab+21a    191.45091203803440    15  aab+21a    2.439
420   J2010+3051    pkr+19     68.967    -1.326    302.5164758        5 30.8552478         3 0.0048162745133088       5  pkr+19     207.62936108328        2  pkr+19     6.450

421   J2017+0603    cgj+11     48.621    -16.026   304.34460510       3 6.05154554         4 0.002896215816722975    11  abb+18     345.2781364654948     12  abb+18     1.399
422   J2017-1614    san16      27.314    -26.220   304.442283         4 -16.237642        14 0.0023142872649224       4  san16      432.09847591394        8  san16      1.444
423   J2019+2425    ntf93      64.746    -6.624    304.88312083      13 24.42091772       14 0.00393452408033124     11  nss01      254.160345592754       8  nss01      1.163
424   J2022+2534    mss+20     65.545    -6.765    305.5                25.0                 0.00265                  0  mss+20     377.4                     mss+20     3.988
425   J2033+1734    rtj+96     60.857    -13.154   308.36463130       4 17.58290638        5 0.00594895754058564      4  aab+21a    168.0966779772235     10  aab+21a    1.740

426   J2034+3632    nie+20     5.796     -35.513   308.50000          0 -36.53333          0  0.003650                0  nie+20     273.95                 0  nie+20     *
427   J2039-3616    slr+14     6.331     -36.517   309.81917          0 -36.27139          0 0.00327                  0  fermi21      305.810398           0  fermi21    1.704
428   J2039-5617    cnv+21     341.265   -37.145   309.8957004        5 -56.2859078        3 0.0026509071060649       4  cnv+21     377.22936337986        5  cnv+21     1.800
429   J2042+0246    san16      48.993    -23.016   310.5458453        3 2.7706658          6 0.0045337267023282       3  san16      220.569095946271      15  san16      0.640
430   J2043+1711    hrm+11     61.919    -15.313   310.837005635      6 17.191361107       8 0.002379878924013453     3  aab+21a    420.1894432148630      4  aab+21a    1.389

431   J2045-68      ckr+15     326.100   -35.400   311.32083          0 -68.60556          0 0.00296                  0  fermi21      337.837838           0  fermi21    1.273
432   J2047+1053    rap+12     57.046    -19.676   311.792692        13 10.885500         12 0.00429                  0  rap+12       233.100233           0  rap+12     2.794
433   J2051-0827    sbl+96     39.192    -30.411   312.78133237       8 -8.4604860         3 0.00450864182000643     11  svf+16     221.796283653017       5  svf+16     1.469
434   J2051+50      fermi21    89.584    4.005     312.95417          0 50.66806           0 0.00168                  0  fermi21      595.238095           0  fermi21    1.437
435   J2052+1219    cck+16     59.145    -19.986   313.1990751        7 12.3330617        14 0.00198525628181868      8  drc+21     503.71330349546        2  drc+21     3.916

436   J2055+15      dsm+13     62.600    -18.600   314.01042          0 15.78750           0 0.00216                  0  fermi21      462.962963           0  fermi21    3.633
437   J2055+3829    goc+19     80.615    -4.259    313.792943958     17 38.491918253      17 0.00208929030219107      3  goc+19     478.631427595910       5  goc+19     4.588
438   J2115+5448    san16      95.043    4.109     318.7990325        5 54.8125428         6 0.002602876738872        2  san16      384.1903018555         3  san16      3.106
439   J2124-3358    bjb+97     10.925    -45.438   321.18269201       3 -33.97916955       4 0.00493111494511372      3  rsc+21     202.793893699620       1  rsc+21     0.410
440   J2129-0429    hrm+11     48.912    -36.939   322.437663         5 -4.48489           3 0.00762                  0  hrm+11       131.233596           0  hrm+11     1.830

441   B2127+11D     pakw91     65.012    -27.313   322.49281          3 12.16659           4 0.0048028043457          3  and93      208.211688010         14  and93      10.400
442   B2127+11E     pakw91     65.014    -27.311   322.492446        17 12.16906           3 0.00465143521539        13  and93      214.987407906          7  and93      10.400
443   B2127+11F     and93      65.010    -27.309   322.48824          3 12.16747           3 0.00402704270710        15  and93      248.321180760         10  and93      10.400
444   B2127+11H     and93      65.012    -27.312   322.49243          3 12.16651           3 0.0067433942397          3  and93      148.293272565          7  and93      10.400
445   J2129+1210I   pqm+21     65.012    -27.313   322.5                12.2                 0.00512                  0  pqm+21     195.3                     pqm+21     10.400

446   J2129-5721    llb+96     338.005   -43.570   322.344880104     18 -57.353957519     13 0.003726348486023947    10  rsc+21     268.3592272034145      7  rsc+21     3.200
447   J2133-0049B   pqm+21     53.371    -35.770   323.4                -0.8               0 0.00697                  0  pqm+21     143.5                     pqm+21     11.500
448   J2133-0049C   pqm+21     53.371    -35.770   323.4                -0.8               0 0.003                    0  pqm+21     333.3                     pqm+21     11.500
449   J2133-0049D   pqm+21     53.371    -35.770   323.4                -0.8               0 0.00422                  0  pqm+21     237.0                     pqm+21     11.500
450   J2133-0049E   pqm+21     53.371    -35.770   323.4                -0.8               0 0.0037                   0  pqm+21     270.3                     pqm+21     11.500

451   J2144-5237    bcm+16     343.435   -47.123   326.1485           3 -52.618758         6 0.00504145377852         3  brs+19     198.3554831467         9  brs+19     1.659
452   J2150-03      mss+20     53.976    -40.418   327.5                -3.0               0 0.0035                   0  mss+20     285.7                     mss+20     1.968
453   J2205+6012    goc+19     103.686   3.696     331.39208          0 60.21500           0 0.00241                  0  fermi21      414.937759           0  fermi21    3.534
454   J2214+3000    rrc+11     86.855    -21.665   333.66189047       4 30.01060878        4 0.003119226581323024    12  aab+21a    320.5922923290326     12  aab+21a    0.600
455   J2215+5135    hrm+11     99.868    -4.159    333.8862017       17 51.593428          4 0.0026096197234461       7  aaa+13     383.1975942761         1  aaa+13     2.773

456   J2229+2643    cam95a     87.693    -26.284   337.462018407     20 26.73267890        3 0.002977819295745368     8  aab+21a    335.8162133708968      8  aab+21a    1.800
457   J2234+0611    dsm+13     72.991    -43.006   338.596137875      9 6.191301758       20 0.003576581631673108     7  sfa+19     279.5965821510426      5  sfa+19     0.971
458   J2234+0944    rap+12     76.280    -40.438   338.69522573       3 9.74172845         6 0.003627027895734199    12  aab+21a    275.7078326240928      9  aab+21a    1.587
459   J2236-5527    bbb+13     334.166   -52.719   339.216046         4 -55.4635647       12 0.006907549392921        3  bbb+13     144.76914215406        7  bbb+13     2.053
460   J2241-5236    kjr+11     337.457   -54.927   340.425112434      5 -52.610066553      3 0.0021866997725548446    10  rsc+21     457.3101495463383      2  rsc+21     1.042

461   J2256-1024    hrm+11     59.231    -58.293   344.2349706        3 -10.4095514        9 0.00229453181696499      3  csm+20     435.8187550969386     40  csm+20     2.083
462   J2302+4442    cgj+11     103.395   -14.005   345.69574328       6 44.70613347        5 0.00519232464875420      3  aab+21a    192.5919636477142      8  aab+21a    0.863
463   J2310-0555    san16      69.702    -57.907   347.526792        17 -5.92664           3 0.0026125867919415       6  san16      382.76240356282        9  san16      1.556
464   J2317+1439    cnt93      91.361    -42.360   349.288484923     20 14.65868362        4 0.0034452510723611       5  aab+21a    290.25460815391        4  aab+21a    1.667
465   J2322+2057    ntf93      96.515    -37.310   350.5930632        3 20.9507437         4 0.0048084282894641      17  dcl+16     207.96816335831        8  dcl+16     1.011

466   J2322-2650    sbb+18     28.637    -70.228   350.64433350      13 -26.84953253      17 0.00346309917908790     11  sbb+18     288.758695112907      10  sbb+18     0.227
467   J2339-0533    pc15       81.349    -62.476   354.91142          5 -5.551478          9 0.00288422674154723     17  pc15       346.71337922051        2  pc15       1.100
--------------------------------------------------------------------------------------------------------------------------------------------------------------------------------
