81
85
87
90
93
99
108
121
137
144
149
151
153
176
194
234
263
267
275
276
288
296
304
309
311
313
318
334
338
357
366
371
372
375
376
377
385
401
410
475
485
494
499
505
507
511
539
553
554
555
557
558
561
572
583
584
585
587
588
593
595
600
628
653
661
664
666
669
671
672
677
687
692
693
694
707
711
713
717
718
719
720
721
727
729
731
736
737
739
745
748
750
752
755
764
768
769
771
772
774
778
779
780
781
786
787
788
789
792
793
795
799
800
807
812
813
814
816
818
824
825
826
829
830
832
833
834
835
837
841
843
844
845
846
847
848
850
852
856
857
888
889
890
891
892
893
894
895
896
897
898
899
900
901
902
903
905
908
910
916
917
919
920
921
923
924
925
926
928
929
930
936
938
939
941
946
949
951
952
955
957
958
959
960
966
967
968
971
975
977
981
984
986
988
992
995
996
997
1003
1004
1005
1008
1010
1011
1014
1017
1018
1021
1022
1024
1027
1028
1029
1030
1031
1033
1034
1045
1047
1049
1050
1052
1053
1054
1055
1056
1058
1059
1061
1062
1063
1065
1066
1067
1069
1070
1071
1072
1073
1074
1075
1076
1078
1079
1080
1081
1082
1083
1084
1085
1086
1091
1092
1095
1096
1097
1098
1100
1106
1109
1111
1114
1116
1118
1120
1121
1123
1125
1126
1127
1129
1132
1136
1137
1138
1140
1142
1144
1145
1146
1147
1149
1150
1154
1155
1156
1157
1158
1159
1160
1161
1162
1163
1164
1165
1167
1168
1169
1170
1172
1173
1204
1207
1210
1211
1212
1213
1214
1215
1216
1217
1218
1220
1222
1223
1225
1227
1228
1229
1230
1232
1233
1234
1235
1239
1240
1243
1244
1245
1246
1249
1250
1251
1252
1253
1254
1256
1257
1258
1259
1260
1261
1263
1264
1266
1267
1269
1270
1272
1274
1276
1277
1278
1280
1281
1282
1283
1284
1285
1286
1287
1288
1289
1290
1293
1294
1295
1296
1298
1299
1300
1301
1303
1305
1306
1308
1311
1314
1318
1319
1321
1322
1323
1324
1326
1327
1328
1329
1330
1332
1333
1334
1336
1337
1339
1341
1342
1343
1344
1345
1346
1347
1348
1349
1350
1351
1352
1354
1355
1356
1357
1358
1359
1360
1361
1362
1363
1364
1365
1367
1368
1369
1370
1371
1372
1374
1375
1376
1378
1379
1380
1381
1382
1383
1384
1385
1386
1387
1388
1389
1390
1391
1392
1393
1394
1395
1396
1397
1398
1400
1401
1402
1403
1404
1406
1407
1408
1409
1410
1411
1412
1413
1414
1415
1416
1417
1419
1420
1421
1422
1423
1424
1425
1427
1428
1429
1430
1432
1433
1434
1435
1436
1437
1438
1440
1441
1442
1443
1444
1445
1446
1447
1448
1449
1450
1451
1452
1453
1454
1455
1456
1457
1458
1459
1460
1461
1462
1463
1464
1465
1466
1467
1468
1469
1470
1471
1472
1473
1474
1475
1476
1477
1479
1480
1481
1482
1483
1484
1486
1487
1488
1489
1490
1491
1492
1493
1494
1495
1496
1497
1498
1500
1501
1502
1503
1504
1505
1506
1507
1508
1509
1510
1511
1512
1513
1514
1515
1516
1517
1518
1519
1520
1521
1522
1555
1561
1562
1563
1564
1565
1566
1567
1568
1569
1570
1571
1572
1573
1574
1575
1576
1577
1578
1579
1581
1582
1583
1584
1585
1586
1587
1588
1589
1590
1591
1592
1593
1595
1596
1597
1598
1599
1600
1602
1604
1605
1606
1607
1608
1609
1610
1611
1612
1613
1614
1615
1616
1617
1618
1619
1620
1621
1622
1623
1624
1625
1626
1627
1628
1629
1630
1631
1632
1633
1634
1635
1636
1638
1639
1640
1641
1642
1643
1644
1645
1646
1647
1648
1649
1650
1651
1652
1653
1654
1655
1656
1657
1658
1659
1660
1661
1662
1663
1664
1665
1666
1667
1668
1669
1670
1671
1672
1673
1674
1675
1676
1677
1678
1679
1680
1681
1682
1683
1684
1685
1686
1687
1688
1689
1690
1691
1692
1693
1694
1695
1696
1697
1698
1699
1700
1701
1702
1703
1704
1705
1706
1707
1708
1709
1710
1711
1712
1713
1714
1715
1716
1717
1718
1719
1720
1721
1722
1723
1724
1725
1726
1727
1728
1729
1730
1731
1732
1733
1734
1735
1736
1737
1738
1739
1740
1741
1742
1743
1744
1745
1746
1747
1748
1749
1750
1751
1752
1753
1754
1755
1756
1757
1758
1759
1760
1761
1762
1763
1764
1765
1766
1767
1768
1769
1770
1771
1772
1773
1774
1775
1776
1777
1778
1779
1780
1781
1782
1783
1784
1785
1786
1787
1788
1789
1790
1791
1792
1793
1794
1795
1796
1797
1798
1799
1800
1801
1802
1803
1804
1805
1806
1807
1808
1809
1810
1822
1835
1836
1837
1838
1839
1840
1841
1842
1843
1844
1845
1846
1847
1848
1849
1850
1851
1852
1853
1854
1855
1856
1857
1858
1859
1860
1861
1862
1863
1864
1865
1866
1867
1868
1869
1870
1871
1872
1873
1874
1875
1876
1877
1878
1879
1880
1881
1882
1883
1884
1885
1886
1887
1888
1889
1890
1891
1892
1893
1894
1895
1896
1897
1898
1899
1903
1907
1908
1935
1936
1955
1965
2680
2727
2732
2787
2788
2795
2808
2814
2817
2821
2822
2826
2827
2828
2831
2832
2833
2834
2835
2836
2838
2843
2845
2846
2848
2849
2852
2853
2855
2856
2857
2858
2859
2884
2885
2886
2887
2888
2889
2890
2891
2892
2893
2894
2896
2897
2898
2899
2900
2901
2902
2903
2904
2905
2906
2907
2909
2910
2911
2912
2913
2914
2915
2916
2917
2918
2919
2920
2921
2922
2923
2924
2926
2927
2928
2929
2930
2931
2932
2933
2934
2935
2936
2937
2938
2939
2940
2941
2942
2943
2944
2945
2946
2947
2948
2949
2950
2951
2952
2953
2954
2955
2956
2957
2958
2959
2960
2961
2962
2963
2964
2965
2966
2967
2968
3018
3019
3020
3021
3022
3023
3024
3025
3026
3027
3028
3029
3030
3031
3032
3033
3034
3035
3036
3037
3038
3039
3040
3041
3042
3043
3044
3045
3046
3047
3048
3049
3050
3051
3052
3053
3054
3055
3056
3057
3058
3059
3060
3061
3062
3063
3064
3065
3066
3067
3068
3069
3070
3071
3072
3073
3074
3075
3076
3077
3078
3079
3080
3081
3082
3083
3084
3085
3086
3087
3088
3089
3090
3091
3092
3093
3094
3141
3142
3143
3144
3145
3146
3147
3148
3149
3150
3151
3152
3153
3154
3190
3191
3192
3193
3194
3195
3196
3197
3198
3199
