1.072912863465892708e-02
1.103002425663379693e-02
1.133935818147580737e-02
1.165736741817151832e-02
1.198429510695279976e-02
1.232039147325949928e-02
1.266591350242258357e-02
1.302112564689566002e-02
1.338629952453779769e-02
1.376171462958842434e-02
1.414765804342553272e-02
1.454442540699110893e-02
1.495231989264488026e-02
1.537165343875920333e-02
1.580274749586608324e-02
1.624593125580321359e-02
1.670154391908479363e-02
1.716993394667227710e-02
1.765146008265112282e-02
1.814649062361677403e-02
1.865540394768921278e-02
1.917858956354180286e-02
1.971644790191656726e-02
2.026939037228374027e-02
2.083783967908059767e-02
2.142223114989485339e-02
2.202301180706962153e-02
2.264064122226351269e-02
2.327559185869889843e-02
2.392834918443721010e-02
2.459941330857419103e-02
2.528929708626277695e-02
2.599852828528140605e-02
2.672764998139779552e-02
2.747721947003892509e-02
2.824781044953144152e-02
2.904001245732845682e-02
2.985443156845177942e-02
3.069169086666363386e-02
3.155243091285551277e-02
3.243730999142451638e-02
3.334700536156548489e-02
3.428221277416232393e-02
3.524364801288234345e-02
3.623204617365340802e-02
3.724816375135998892e-02
3.829277819930047844e-02
3.936668853195210427e-02
4.047071618595148024e-02
4.160570615243252418e-02
4.277252636286185683e-02
4.397206986936157136e-02
4.520525426238448941e-02
4.647302288289006933e-02
4.777634553998014177e-02
4.911621975741204543e-02
5.049367003003076004e-02
5.190975086902464147e-02
5.336554509274211988e-02
5.486216642055472686e-02
5.640076032116326382e-02
5.798250363558855175e-02
5.960860622266118264e-02
6.128031240432382787e-02
6.299890140312855435e-02
6.476568731583133565e-02
6.658202238428122255e-02
6.844929602421034875e-02
7.036893663450470571e-02
7.234241319631148914e-02
7.437123514197917229e-02
7.645695476699615467e-02
7.860116765967826991e-02
8.080551443213580820e-02
8.307168121543404005e-02
8.540140221266831477e-02
8.779645925826853881e-02
9.025868520421757857e-02
9.278996330115914237e-02
9.539223015437174602e-02
9.806747695201531445e-02
1.008177499843389419e-01
1.036451534691956028e-01
1.065518506512057317e-01
1.095400652182521167e-01
1.126120832452375820e-01
1.157702549466997771e-01
1.190169964794728780e-01
1.223547917825661135e-01
1.257861944879359040e-01
1.293138296192742620e-01
1.329403961047643523e-01
1.366686683353289522e-01
1.405014987990521880e-01
1.444418195032684815e-01
1.484926449755364919e-01
1.526570745718689726e-01
1.569382938406463646e-01
1.613395787246950375e-01
1.658642957955383523e-01
1.705159068570958336e-01
1.752979705745266181e-01
1.802141454608996718e-01
1.852681926672065660e-01
1.904639788688577140e-01
1.958054787185691814e-01
2.012967788908744393e-01
2.069420804621409926e-01
2.127457021245049706e-01
2.187120839877394196e-01
2.248457909860680226e-01
2.311515148542917231e-01
2.376340804933431972e-01
2.442984468881955751e-01
2.511497126735603436e-01
2.581931192695148258e-01
2.654340551556261807e-01
2.728780599874126023e-01
2.805308285859996476e-01
2.883982158027017517e-01
2.964862404950689423e-01
3.048010898769959454e-01
3.133491257723182155e-01
3.221368872103064218e-01
3.311710971976311590e-01
3.404586676096496012e-01
3.500067032204636774e-01
3.598225089043856628e-01
3.699135942192536275e-01
3.802876788998108548e-01
3.909526995228785329e-01
4.019168150765001779e-01
4.131884137083173258e-01
4.247761186408673950e-01
4.366887942685347967e-01
4.489355547009404868e-01
4.615257687267048659e-01
4.744690682396242587e-01
4.877753556142792046e-01
5.014548100173951140e-01
5.155178967174678384e-01
5.299753745834157037e-01
5.448383038151993762e-01
5.601180546635321500e-01
5.758263168844018898e-01
5.919751076727953754e-01
6.085767808691736613e-01
6.256440371608144035e-01
6.431899337990819587e-01
6.612278930909661900e-01
6.797717149276413240e-01
6.988355853343500845e-01
7.184340888336460118e-01
7.385822180981789220e-01
7.592953871859318138e-01
7.805894418232521836e-01
8.024806722878747856e-01
8.249858253677659903e-01
8.481221181869534886e-01
8.719072498638806845e-01
8.963594163213300936e-01
9.214973234491777854e-01
9.473402024285793033e-01
9.739078226795546689e-01
1.001220508758874583e+00
1.029299154896569313e+00
1.058165240987052780e+00
1.087840850038098717e+00
1.118348683548509026e+00
1.149712079886771710e+00
1.181955032151546625e+00
1.215102205523035384e+00
1.249178957644609733e+00
1.284211356762596123e+00
1.320226202183611086e+00
1.357251045020277047e+00
1.395314208274082590e+00
1.434444810010228055e+00
1.474672784125549807e+00
1.516028904260944055e+00
1.558544806836696273e+00
1.602253015766683442e+00
1.647186966075495196e+00
1.693381030996965686e+00
1.740870547761580900e+00
1.789691844126265696e+00
1.839882266676728939e+00
1.891480208888626890e+00
1.944525141003815571e+00
1.999057640228583788e+00
2.055119421265195534e+00
2.112753368479256100e+00
2.172003568956649922e+00
2.232915345721773193e+00
2.295535292658379856e+00
2.359911310411225482e+00
2.426092642003834232e+00
2.494129912030123908e+00
2.564075163859692363e+00
2.635981900452616156e+00
2.709905125028437833e+00
2.785901382381980262e+00
2.864028803646757382e+00
2.944347148479898202e+00
3.026917853792835178e+00
3.111804077466224783e+00
3.199070748913162898e+00
3.288784617987126069e+00
3.381014305765351224e+00
3.475830357287856387e+00
3.573305295750551114e+00
3.673513677204606420e+00
3.776532147824712915e+00
3.882439502765287820e+00
3.991316746915244185e+00
4.103247155069955632e+00
4.218316337365945579e+00
4.336612303475479102e+00
4.458225530904728728e+00
4.583249032902100062e+00
4.711778431078266216e+00
4.843912026998581588e+00
4.979750878080757559e+00
5.119398874848240411e+00
5.262962819836827677e+00
5.410552509739438243e+00
5.562280818818974737e+00
5.718263785433595814e+00
5.878620700723594439e+00
6.043474199529478064e+00
6.212950354353766969e+00
6.387178771212965067e+00
6.566292688922673371e+00
6.750429081157568234e+00
6.939728760105912109e+00
7.134336485568550046e+00
7.334401074046671631e+00
7.540075512679978331e+00
7.751517077135060774e+00
7.968887450229281022e+00
8.192352846189869808e+00
8.422084137612698029e+00
8.658256985211155055e+00
8.901051973483069091e+00
9.150654746104303072e+00
9.407256149953312274e+00
9.671052379834216950e+00
9.942245127772508795e+00
1.022104173750767764e+01
1.050765536303666181e+01
1.080230513032072359e+01
1.110521630530737980e+01
1.141662046510887052e+01
1.173675567549924637e+01
1.206586667158252801e+01
1.240420504530426093e+01
1.275202943666228705e+01
1.310960573179378130e+01
1.347720726430251759e+01
1.385511502552537522e+01
1.424361787734560636e+01
1.464301277250198652e+01
1.505360498179648587e+01
1.547570832636419347e+01
1.590964541669493926e+01
1.635574789807293428e+01
1.681435670439125474e+01
1.728582231674597125e+01
1.777050503129458647e+01
1.826877523305660844e+01
1.878101367860928761e+01
1.930761178541375500e+01
1.984897193020998074e+01
2.040550775497853664e+01
2.097764448269563076e+01
2.156581924009027063e+01
2.217048139018541164e+01
2.279209287485235436e+01
2.343112856638827068e+01
2.408807662761148194e+01
2.476343888428741380e+01
2.545773120561811709e+01
2.617148389810939335e+01
2.690524210658760396e+01
2.765956622994250225e+01
2.843503234687229408e+01
2.923223265249294656e+01
3.005177590957235978e+01
3.089428790979688699e+01
3.176041194910920140e+01
3.265080931700278200e+01
3.356615979638554847e+01
3.450716218179384498e+01
3.547453480731834929e+01
3.646901609332518035e+01
3.749136510464003891e+01
3.854236212716241283e+01
3.962280925908925155e+01
4.073353101804962506e+01
4.187537496623025390e+01
4.304921235173046057e+01
4.425593876895275258e+01
4.549647483544866589e+01
4.677176688930901349e+01
4.808278770476355390e+01
4.943053722680773632e+01
5.081604332929369150e+01
5.224036258898667029e+01
5.370458108618781523e+01
5.520981522265104502e+01
5.675721256677000781e+01
5.834795271719129772e+01
5.998324819464448154e+01
6.166434535468646061e+01
6.339252532871755363e+01
6.516910498794914020e+01
6.699543793553769433e+01
6.887291552633809033e+01
7.080296791324796857e+01
7.278706512329885925e+01
7.482671816202260118e+01
7.692348015116601800e+01
7.907894749236253062e+01
8.129476106793811141e+01
8.357260747125192779e+01
8.591422027185409149e+01
8.832138131495899813e+01
9.079592205609550604e+01
9.333972493367703294e+01
9.595472477590716665e+01
9.864291024916846595e+01
1.014063253443012513e+02
1.042470709034435714e+02
1.071673061874627706e+02
1.101692504889238506e+02
1.132551847847461062e+02
1.164274534367752381e+02
1.196884659365876473e+02
1.230406986990459046e+02
1.264866969021506407e+02
1.300290763790700623e+02
1.336705255593499260e+02
1.374138074630341180e+02
1.412617617488044459e+02
1.452173068166160874e+02
1.492834419668604369e+02
1.534632496182689181e+02
1.577598975830568691e+02
1.621766414070440021e+02
1.667168267673486639e+02
1.713838919382952781e+02
1.761813703196330323e+02
1.811128930353848716e+02
1.861821915999082648e+02
1.913931006542797206e+02
1.967495607759128688e+02
2.022556213641207705e+02
2.079154435998623853e+02
2.137333034835158116e+02
2.197135949554797492e+02
2.258608330941919462e+02
2.321796574044727208e+02
2.386748351861246249e+02
2.453512649944768214e+02
2.522139801900645466e+02
2.592681525805525666e+02
2.665190961594335022e+02
2.739722709392253819e+02
2.816332868866128365e+02
2.895079079581670385e+02
2.976020562399420442e+02
3.059218161957936672e+02
3.144734390210671222e+02
3.232633471157906797e+02
3.322981386605487728e+02
3.415845923235264081e+02
3.511296720726134595e+02
3.609405321243875733e+02
3.710245220066187244e+02
3.813891917560310958e+02
3.920422972449674717e+02
4.029918056412989245e+02
4.142459010071734156e+02
4.258129900344391672e+02
4.377017079284931356e+02
4.499209244322203176e+02
4.624797500055508408e+02
4.753875421496150011e+02
4.886539118940660842e+02
5.022887304397048638e+02
5.163021359651623925e+02
5.307045405944701315e+02
5.455066375427819594e+02
5.607194084236791696e+02
5.763541307399686957e+02
5.924223855508259931e+02
6.089360653230164644e+02
6.259073819669478098e+02
6.433488750613133789e+02
6.612734202767314855e+02
6.796942379871775302e+02
6.986249020919095756e+02
7.180793490336972127e+02
7.380718870269569152e+02
7.586172055010179065e+02
7.797303847509407433e+02
8.014269058090202407e+02
8.237226605445573568e+02
8.466339619816020559e+02
8.701775548411687851e+02
8.943706263330243473e+02
9.192308171646784558e+02
9.447762327980136661e+02
9.710254549493571403e+02
9.979975533262033878e+02
1.025712097631784218e+03
1.054189169795360840e+03
1.083449376480236879e+03
1.113513861836279830e+03
1.144404320515795462e+03
1.176143010960562606e+03
1.208752768940745682e+03
1.242257021376046623e+03
1.276679800416760600e+03
1.312045757800327465e+03
1.348380179496930396e+03
1.385709000606462951e+03
1.424058820546981451e+03
1.463456918536877311e+03
1.503931269328231110e+03
1.545510559249105427e+03
1.588224202509226188e+03
1.632102357806959390e+03
1.677175945198727959e+03
1.723476663273740314e+03
1.771037006599230608e+03
1.819890283448649143e+03
1.870070633809326409e+03
1.921613047682348224e+03
1.974553383655241532e+03
2.028928387738958918e+03
2.084775712492287767e+03
2.142133936426001128e+03
2.201042583643225498e+03
2.261542143786950874e+03
2.323674092211979769e+03
2.387480910425337242e+03
2.453006106788617217e+03
2.520294237448707463e+03
2.589390927508305595e+03
2.660342892443009532e+03
2.733197959746935794e+03
2.808005090746672067e+03
2.884814402709573187e+03
2.963677191065663919e+03
3.044645951894714472e+03
3.127774404524592683e+03
3.213117514370338995e+03
3.300731515875055265e+03
3.390673935640783839e+03
3.483003615651576183e+03
3.577780736667199108e+03
3.675066841685735653e+03
3.774924859517184814e+03
3.877419128445684237e+03
3.982615419920366548e+03
4.090580962334596734e+03
4.201384464807371842e+03
4.315096141002202785e+03
4.431787732895483714e+03
4.551532534579282583e+03
4.674405415975826145e+03
4.800482846498042818e+03
4.929842918655443100e+03
5.062565371485403375e+03
5.198731613961677795e+03
5.338424748141152122e+03
5.481729592224882254e+03
5.628732703382412183e+03
5.779522400382677006e+03
5.934188785942060349e+03
6.092823768856264905e+03
6.255521085822711029e+03
6.422376322938392150e+03
6.593486936853973020e+03
6.768952275617738451e+03
6.948873599059673325e+03
7.133354098789847740e+03
7.322498917767637067e+03
7.516415169397111640e+03
7.715211956151943014e+03
7.919000387653086364e+03
8.127893598201877467e+03
8.342006763838249753e+03
8.561457118687785623e+03
8.786363970788197548e+03
9.016848717267526808e+03
9.253034858804365285e+03
9.495048013577077654e+03
9.743015930290501274e+03
9.997068500631448842e+03
1.025733777102729618e+04
1.052395795352899950e+04
1.079706543597354903e+04
1.107679879139189325e+04
1.136329878657670088e+04
1.165670838987587922e+04
1.195717277811476561e+04
1.226483934271261751e+04
1.257985769493006774e+04
1.290237967030430991e+04
1.323255933210418334e+04
1.357055297417002294e+04
1.391651912254457966e+04
1.427061853652779428e+04
1.463301420862523628e+04
1.500387136392331195e+04
1.538335745823443904e+04
1.577164217562077829e+04
1.616889742503971684e+04
1.657529733607400703e+04
1.699101825384578478e+04
1.741623873310963972e+04
1.785113953156105345e+04
1.829590360231068189e+04
1.875071608562115216e+04
1.921576429978105443e+04
1.969123773136518139e+04
2.017732802473117772e+04
2.067422897076995650e+04
2.118213649497337610e+04
2.170124864502338096e+04
2.223176557749129643e+04
2.277388954418501089e+04
2.332782487781965028e+04
2.389377797711436506e+04
2.447195729148621467e+04
2.506257330520213873e+04
2.566583852108285646e+04
2.628196744395655696e+04
2.691117656334880667e+04
2.755368433647497659e+04
2.820971117021681857e+04
2.887947940330376878e+04
2.956321328810228442e+04
3.026113897223583626e+04
3.097348447986422252e+04
3.170047969330747583e+04
3.244235633379000137e+04
3.319934794293454615e+04
3.397168986374482483e+04
3.475961922151936596e+04
3.556337490520084975e+04
3.638319754833101615e+04
3.721932951042093191e+04
3.807201485826539283e+04
3.894149934727828077e+04
3.982803040346298076e+04
4.073185710501005815e+04
4.165323016413723963e+04
4.259240190989651455e+04
4.354962627009813150e+04
4.452515875444819540e+04
4.551925643737788050e+04
4.653217794171056448e+04
4.756418342167956871e+04
4.861553454752930702e+04
4.968649448936319095e+04
5.077732790196027054e+04
5.188830090943117830e+04
5.301968109097964771e+04
5.417173746585872868e+04
5.534474047975432768e+04
5.653896199102725950e+04
5.775467525706838205e+04
5.899215492127442849e+04
6.025167700057053298e+04
6.153351887232562876e+04
6.283795926298674749e+04
6.416527823545298452e+04
6.551575717772931966e+04
6.688967879166189232e+04
6.828732708147434460e+04
6.970898734302730008e+04
7.115494615302926104e+04
7.262549135822120297e+04
7.412091206524650624e+04
7.564149862997065065e+04
7.718754264755874465e+04
7.875933694199762249e+04
8.035717555596106104e+04
8.198135374094363942e+04
8.363216794677379949e+04
8.530991581141477218e+04
8.701489615091259475e+04
8.874740894877217943e+04
9.050775534495407192e+04
9.229623762630273995e+04
9.411315921390840958e+04
9.595882465357508045e+04
9.783353960267906950e+04
9.973761081947029743e+04
1.016713461507192260e+05
1.036350545180999616e+05
1.056290459067285119e+05
1.076536313500671386e+05
1.097091229173848405e+05
1.117958336981019092e+05
1.139140777869165759e+05
1.160641702684811753e+05
1.182464272011071735e+05
1.204611655986903788e+05
1.227087034142916091e+05
1.249893595206943573e+05
1.273034536916389479e+05
1.296513065816704911e+05
1.320332397049350839e+05
1.344495754134437302e+05
1.369006368752220296e+05
1.393867480491308961e+05
1.419082336621020804e+05
1.444654191816023085e+05
1.470586307912295451e+05
1.496881953610480414e+05
1.523544404206422332e+05
1.550576941279231687e+05
1.577982852396273520e+05
1.605765430778971931e+05
1.633927974990492512e+05
1.662473788569249155e+05
1.691406179691550496e+05
1.720728460810135584e+05
1.750443948248539236e+05
1.780555961839966767e+05
1.811067824507880432e+05
1.841982861856132804e+05
1.873304401740149769e+05
1.905035773820580507e+05
1.937180309121023165e+05
1.969741339556925232e+05
2.002722197453950066e+05
2.036126215068016318e+05
2.069956724068029725e+05
2.104217055032352509e+05
2.138910536912420648e+05
2.174040496497692948e+05
2.209610257856704120e+05
2.245623141781395534e+05
2.282082465203378524e+05
2.318991540599668224e+05
2.356353675402730587e+05
2.394172171384849353e+05
2.432450324028155301e+05
2.471191421895683161e+05
2.510398745987710136e+05
2.550075569071322097e+05
2.590225155030039605e+05
2.630850758175957017e+05
2.671955622558442410e+05
2.713542981278242078e+05
2.755616055771965184e+05
2.798178055091329734e+05
2.841232175185710075e+05
2.884781598175445688e+05
2.928829491588468663e+05
2.973379007618533215e+05
3.018433282385972561e+05
3.063995435140949558e+05
3.110068567522937665e+05
3.156655762746520923e+05
3.203760084860713687e+05
3.251384577918935101e+05
3.299532265204212745e+05
3.348206148427120643e+05
3.397409206911544316e+05
3.447144396796202054e+05
3.497414650216931477e+05
3.548222874484009808e+05
3.599571951273620361e+05
3.651464735796512687e+05
3.703904055983615108e+05
3.756892711644803640e+05
3.810433473665839992e+05
3.864529083152778330e+05
3.919182250622567371e+05
3.974395655170912505e+05
4.030171943637654185e+05
4.086513729799752473e+05
4.143423593505055760e+05
4.200904079897429910e+05
4.258957698560467688e+05
4.317586922703243326e+05
4.376794188375639496e+05
4.436581893590922118e+05
4.496952397595488583e+05
4.557908020000792458e+05
4.619451040007334086e+05
4.681583695625338005e+05
4.744308182853937615e+05
4.807626654918794520e+05
4.871541221498259692e+05
4.936053947926163091e+05
5.001166854466779041e+05
5.066881915526789962e+05
5.133201058920301148e+05
5.200126165142069804e+05
5.267659066608484136e+05
5.335801546942361165e+05
5.404555340305976570e+05
5.473922130623798585e+05
5.543903550933832303e+05
5.614501182718419004e+05
5.685716555188072380e+05
5.757551144666757900e+05
5.830006373898319434e+05
5.903083611453420017e+05
5.976784171070556622e+05
6.051109311042740010e+05
6.126060233655442717e+05
6.201638084544100566e+05
6.277843952163096983e+05
6.354678867183942348e+05
6.432143801989142084e+05
6.510239670087232953e+05
6.588967325634388253e+05
6.668327562909350963e+05
6.748321115801424021e+05
6.828948657356185140e+05
6.910210799304589164e+05
6.992108091572306585e+05
7.074641021913741715e+05
7.157810015406726161e+05
7.241615434099065606e+05
7.326057576585054630e+05
7.411136677659264533e+05
7.496852907871179050e+05
7.583206373249825556e+05
7.670197114926979411e+05
7.757825108809178928e+05
7.846090265274797566e+05
7.934992428852012381e+05
8.024531377933262847e+05
8.114706824542076793e+05
8.205518414011062123e+05
8.296965724727290217e+05
8.389048267966090934e+05
8.481765487560741603e+05
8.575116759764830349e+05
8.669101392953830073e+05
8.763718627538754372e+05
8.858967635664150584e+05
8.954847521078374702e+05
9.051357318945929874e+05
9.148495995685354574e+05
9.246262448765177978e+05
9.344655506610522280e+05
9.443673928388057975e+05
9.543316403859480051e+05
9.643581553276136983e+05
9.744467927184748696e+05
9.845974006322983187e+05
9.948098201402416453e+05
1.005083885305344826e+06
1.015419423159025493e+06
1.025816253689711564e+06
1.036274189826217946e+06
1.046793037421949790e+06
1.057372595236673951e+06
1.068012654915583087e+06
1.078713000978658209e+06
1.089473410789126297e+06
1.100293654541965341e+06
1.111173495234480128e+06
1.122112688645940972e+06
1.133110983309234027e+06
1.144168120482822414e+06
1.155283834123150678e+06
1.166457850852339994e+06
1.177689889920893358e+06
1.188979663172727684e+06
1.200326875006373739e+06
1.211731222334004473e+06
1.223192394533166429e+06
1.234710073398604291e+06
1.246283933093594387e+06
1.257913640090637840e+06
1.269598853119323961e+06
1.281339223091671476e+06
1.293134393047571648e+06
1.304983998077818193e+06
1.316887665244923439e+06
1.328845013510957826e+06
1.340855653643730329e+06
1.352919188131641364e+06
1.365035211083552334e+06
1.377203308131018654e+06
1.389423056318045594e+06
1.401694023991297465e+06
1.414015770675507607e+06
1.426387846948617138e+06
1.438809794307075441e+06
1.451281145031738095e+06
1.463801422033997718e+06
1.476370138701524818e+06
1.488986798737443518e+06
1.501650895990150515e+06
1.514361914264393970e+06
1.527119327145351330e+06
1.539922597794467118e+06
1.552771178741681855e+06
1.565664511667665094e+06
1.578602027185195358e+06
1.591583144589769887e+06
1.604607271627391223e+06
1.617673804213633528e+06
1.630782126185011817e+06
1.643931609003882622e+06
1.657121611464098562e+06
1.670351479385551764e+06
1.683620545294379350e+06
1.696928128086593235e+06
1.710273532677758252e+06
1.723656049639065750e+06
1.737074954819173785e+06
1.750529508954485413e+06
1.764018957251328044e+06
1.777542528953922447e+06
1.791099436917134095e+06
1.804688877118954901e+06
1.818310028198097134e+06
1.831962050940565765e+06
1.845644087754472392e+06
1.859355262138442835e+06
1.873094678110205568e+06
1.886861419611970196e+06
1.900654549911171198e+06
1.914473110954957316e+06
1.928316122706187190e+06
1.942182582468328066e+06
1.956071464156699600e+06
1.969981717554845847e+06
1.983912267549254000e+06
1.997862013315475779e+06
2.011829827477988554e+06
2.025814555249740602e+06
2.039815013511538971e+06
2.053829989878111286e+06
2.067858241701704450e+06
2.081898495072155492e+06
2.095949443725723773e+06
2.110009747957710642e+06
2.124078033451634925e+06
2.138152890090893023e+06
2.152232870695824735e+06
2.166316489727209322e+06
2.180402221914526541e+06
2.194488500845228788e+06
2.208573717491304968e+06
2.222656218652038369e+06
2.236734305358906277e+06
2.250806231184918899e+06
2.264870200509277172e+06
2.278924366658312269e+06
2.292966830028981436e+06
2.306995636060561053e+06
2.321008773165693972e+06
2.335004170540302526e+06
2.348979695880157407e+06
2.362933152994069271e+06
2.376862279302490409e+06
2.390764743211406749e+06
2.404638141390166245e+06
2.418479995869464241e+06
2.432287751041395590e+06
2.446058770495557226e+06
2.459790333706622943e+06
2.473479632530324161e+06
2.487123767570607830e+06
2.500719744311006740e+06
2.514264469082895666e+06
2.527754744801022578e+06
2.541187266501922626e+06
2.554558616614633705e+06
2.567865259980720468e+06
2.581103538649833295e+06
2.594269666310677771e+06
2.607359722486363724e+06
2.620369646355709061e+06
2.633295230248165783e+06
2.646132112755428068e+06
2.658875771435010713e+06
2.671521515090814792e+06
2.684064475603373256e+06
2.696499599245939404e+06
2.708821637485519983e+06
2.721025137184750289e+06
2.733104430247172713e+06
2.745053622530026827e+06
2.756866582096743397e+06
2.768536926677389070e+06
2.780058010306873824e+06
2.791422909051332157e+06
2.802624405787799973e+06
2.813654973892136011e+06
2.824506759839464910e+06
2.835171564508403186e+06
2.845640823160501663e+06
2.855905583975472953e+06
2.865956484952650499e+06
2.875783729080022313e+06
2.885377057603024412e+06
2.894725721205268987e+06
2.903818448896727059e+06
2.912643414430602454e+06
2.921188199904080946e+06
2.929439756412425078e+06
2.937384361285416875e+06
2.945007571706720162e+06
2.952294174217793159e+06
2.959228129745095037e+06
2.965792513582699466e+06
2.971969449870278127e+06
2.977740039815562312e+06
2.983084283078908920e+06
2.987980991359789390e+06
2.992407693367282860e+06
2.996340530089567415e+06
2.999754139069991186e+06
3.002621526380232535e+06
3.004913924615748692e+06
3.006600635078701191e+06
3.007648851930599194e+06
3.008023465863087215e+06
3.007686844244018663e+06
3.006598584375733975e+06
3.004715235774045344e+06
3.001989986608382780e+06
2.998372308746739756e+06
2.993807554484854918e+06
2.988236497015173081e+06
2.981594804775184020e+06
2.973812438026043121e+06
2.964812953386586625e+06
2.954512698844674043e+06
2.942819878013784997e+06
2.929633457111993339e+06
2.914841881911802106e+06
2.898321563439170830e+06
2.879935080641442910e+06
2.859529033832671586e+06
2.836931464266702067e+06
2.811948729903754778e+06
2.784361693816645537e+06
2.753921035059252754e+06
2.720341427613876760e+06
2.683294242576699238e+06
2.642398299329272471e+06
2.597208003636278678e+06
2.547197932568106335e+06
2.491742505759589374e+06
2.430088732746241149e+06
2.361318995031143539e+06
2.284299137727475259e+06
2.197604303168547340e+06
2.099409955700123683e+06
1.987326417280133115e+06
1.858137618238072377e+06
1.707368605629965896e+06
1.528526279497617856e+06
1.311662885657176375e+06
1.040375009423055802e+06
6.846021649076903705e+05
1.792834808435436571e+05
-6.680107529021808878e+05
-3.529399786294890102e+06
nan
nan
nan
nan
nan
nan
nan
nan
nan
nan
nan
nan
nan
nan
nan
nan
nan
nan
nan
nan
nan
nan
nan
nan
nan
