6.198228656086127776e-07
6.371030906957099749e-07
6.551894531435397453e-07
6.735424085336339146e-07
6.923910749288731115e-07
7.117268159057199113e-07
7.318040643738452441e-07
7.521388379232799153e-07
7.732670347721579107e-07
7.949862108527641474e-07
8.173609742629356442e-07
8.402166449489940532e-07
8.639033603893089544e-07
8.880289549447282541e-07
9.129760463258349569e-07
9.386401856349726131e-07
9.649370700875771410e-07
9.920502715102184714e-07
1.019681423008638687e-06
1.048305484198725336e-06
1.077663834181263953e-06
1.108023272426009664e-06
1.139165369660870020e-06
1.170896210087036552e-06
1.203800345909296963e-06
1.237478181209007451e-06
1.272307407617885501e-06
1.307940184062618688e-06
1.344551253859523611e-06
1.382347115601621460e-06
1.421054675740662392e-06
1.460931620794661952e-06
1.502015048873566184e-06
1.544117217919765180e-06
1.587331540330703568e-06
1.632037260263322276e-06
1.677635842508770589e-06
1.724821754205551516e-06
1.773061482776744935e-06
1.822865933303174196e-06
1.874025209021888011e-06
1.926617925678720744e-06
1.980508192660267262e-06
2.036100511932711735e-06
2.093087023511496050e-06
2.151954379681401265e-06
2.212223609755726774e-06
2.274213194337723444e-06
2.338036915910747265e-06
2.403601084085995302e-06
2.471108744663867472e-06
2.540309540754028240e-06
2.611505732119166464e-06
2.684797943824659799e-06
2.760088322992039736e-06
2.837583797630871130e-06
2.917043421123153980e-06
2.998786309961089513e-06
3.082938090500629562e-06
3.169432373174857780e-06
3.258265698928072061e-06
3.349748634421516956e-06
3.443752694169643853e-06
3.540219683811284703e-06
3.639658629685966904e-06
3.741648258515034814e-06
3.846590712776108256e-06
3.954462377342579301e-06
4.065314370186042417e-06
4.179278807310440797e-06
4.296568542647621166e-06
4.416975999299455887e-06
4.540884715054787512e-06
4.668259729196315745e-06
4.799159846576160247e-06
4.933738425590725678e-06
5.072241418312857136e-06
5.214260505707322041e-06
5.360493620360290449e-06
5.510991642549925352e-06
5.665405624002713967e-06
5.824504892523512367e-06
5.987663409274957914e-06
6.155626738433061043e-06
6.328258488505117315e-06
6.505791498515882775e-06
6.688337576649088888e-06
6.875884566694201752e-06
7.068556107019288304e-06
7.266864006909338066e-06
7.470707101619672924e-06
7.680128242156431017e-06
7.895571539900679399e-06
8.116881249440132095e-06
8.344563785484409603e-06
8.578528208317539046e-06
8.819358133771341513e-06
9.066549924074145640e-06
9.320780485762576159e-06
9.582156181520894451e-06
9.850968546005178163e-06
1.012719609771712512e-05
1.041126923856018541e-05
1.070331602818908548e-05
1.100341644257381114e-05
1.131187467637725672e-05
1.162920627936030070e-05
1.195540130635771408e-05
1.229068309014913474e-05
1.263526246914200347e-05
1.298959224644467974e-05
1.335388174068005522e-05
1.372859270979069664e-05
1.411345267782551389e-05
1.450921501990034212e-05
1.491616525559172141e-05
1.533462161991700154e-05
1.576470187731044599e-05
1.620682893123636582e-05
1.666123575197737651e-05
1.712848470287063656e-05
1.760896310747159702e-05
1.810264665167278137e-05
1.861036990810958176e-05
1.913231882233509519e-05
1.966880146415712108e-05
2.022051172928657271e-05
2.078752435702148983e-05
2.137057483397127286e-05
2.196980675441810463e-05
2.258604126217721137e-05
2.321953422217451593e-05
2.387048775292637285e-05
2.454007674394978304e-05
2.522818507928928621e-05
2.593569533065035902e-05
2.666324013344297170e-05
2.741096072389448516e-05
2.817953454806422850e-05
2.896993483685036938e-05
2.978244017522141041e-05
3.061765786886038896e-05
3.147628513336744611e-05
3.235913221955390195e-05
3.326662848992918372e-05
3.419934998933462169e-05
3.515853676899573818e-05
3.614460261171723845e-05
3.715816355072761355e-05
3.820030585654098136e-05
3.927159798600676473e-05
4.037312621366153937e-05
4.150524666397807812e-05
4.266938134550719538e-05
4.386601253249892691e-05
4.509623248761747188e-05
4.636074704352527594e-05
4.766091593737994530e-05
4.899776565283813981e-05
5.037176616742628546e-05
5.178437073975384908e-05
5.323677757037277803e-05
5.472971334774091401e-05
5.626471808755118833e-05
5.784266174211399929e-05
5.946479089004794974e-05
6.113249587890472105e-05
6.284685219267623622e-05
6.460939808788794851e-05
6.642117224354637741e-05
6.828399794985047923e-05
7.019901753453637366e-05
7.216772928257580489e-05
7.419178174191379163e-05
7.627249897701160973e-05
7.841143791222172162e-05
8.061041842873382978e-05
8.287106817493896066e-05
8.519511796679967233e-05
8.758444674234124744e-05
9.004087342700827542e-05
9.256595831402149983e-05
9.516205591601527498e-05
9.783060214738030090e-05
1.005744365120674484e-04
1.033948274548138213e-04
1.062945558257299066e-04
1.092757026380576814e-04
1.123402073253336437e-04
1.154906867812990879e-04
1.187297400358037900e-04
1.220595087951036419e-04
1.254824953379271449e-04
1.290016307491194457e-04
1.326193364258964442e-04
1.363385995590475999e-04
1.401622955949195716e-04
1.440930013538134415e-04
1.481340897020638802e-04
1.522885405875978144e-04
1.565592804401304175e-04
1.609500125548998101e-04
1.654638037521161576e-04
1.701041638973715010e-04
1.748746467728325767e-04
1.797789367894375657e-04
1.848209417308657970e-04
1.900041423482106849e-04
1.953326955373819410e-04
2.008107815097774618e-04
2.064424652503195931e-04
2.122320510278195263e-04
2.181839467699983593e-04
2.243027787002245359e-04
2.305932618903543119e-04
2.370600637791018292e-04
2.437084409903627214e-04
2.505431066371342254e-04
2.575696227683010940e-04
2.647930250381174506e-04
2.722189719472997314e-04
2.798531361867102299e-04
2.877015985143161945e-04
2.957700021329218187e-04
3.040649593471649080e-04
3.125922078127081681e-04
3.213587838374100674e-04
3.303711824911209952e-04
3.396362861277265862e-04
3.491610436382856526e-04
3.589531583767925464e-04
3.690200181673364646e-04
3.793688952891316121e-04
3.900081494832825335e-04
4.009456776053634116e-04
4.121901318635658520e-04
4.237496275710684202e-04
4.356334775392809540e-04
4.478506650465753354e-04
4.604105827974099051e-04
4.733225195164078450e-04
4.865964195127255032e-04
5.002428873962806158e-04
5.142719410811493787e-04
5.286945459093092027e-04
5.435213869650326515e-04
5.587641594088204591e-04
5.744343581916725805e-04
5.905440861651635757e-04
6.071056131034323171e-04
6.241314398447740924e-04
6.416348947854521971e-04
6.596292038378256430e-04
6.781280944052995056e-04
6.971456580772745657e-04
7.166967142931191838e-04
7.367959348702352029e-04
7.574589906570105505e-04
7.787014432117800181e-04
8.005396622084767072e-04
8.229902378839754366e-04
8.460704283554709758e-04
8.697978455790035795e-04
8.941906690568750087e-04
9.192676118422197715e-04
9.450479178327022764e-04
9.715510900737959381e-04
9.987974230242294138e-04
1.026808020515700614e-03
1.055604084329013308e-03
1.085207473825228327e-03
1.115641285567432230e-03
1.146928427621971436e-03
1.179093237892637428e-03
1.212159843413475324e-03
1.246153811067668166e-03
1.281101048634797346e-03
1.317028230667506615e-03
1.353963246848897788e-03
1.391933658196534531e-03
1.430969190909885808e-03
1.471099235419187200e-03
1.512354874329015046e-03
1.554767174128835567e-03
1.598369014457729376e-03
1.643193425988931236e-03
1.689275209935812505e-03
1.736648816711885979e-03
1.785351288418633069e-03
1.835419417588048368e-03
1.886891491714729179e-03
1.939807022726880914e-03
1.994206531937373593e-03
2.050131334848640744e-03
2.107624645227292384e-03
2.166730165024521784e-03
2.227493241446889052e-03
2.289960032367582311e-03
2.354178722198947520e-03
2.420198259319461878e-03
2.488069129106253771e-03
2.557843173825892664e-03
2.629573935788323200e-03
2.703316046794630549e-03
2.779126153733929485e-03
2.857062131582439445e-03
2.937183594108707003e-03
3.019551689877244833e-03
3.104229696256189872e-03
3.191281907167857999e-03
3.280775566727165728e-03
3.372778593416133393e-03
3.467361367858759914e-03
3.564596557279862184e-03
3.664558243404389577e-03
3.767323107594305800e-03
3.872969418321730532e-03
3.981578070523577803e-03
4.093232442746024338e-03
4.208017544926502020e-03
4.326021246314525406e-03
4.447334059723260027e-03
4.572048220599201664e-03
4.700259366339417169e-03
4.832065761722236473e-03
4.967567835953668257e-03
5.106869567133755748e-03
5.250077165189382701e-03
5.397300096136070299e-03
5.548651176405881152e-03
5.704246001862829825e-03
5.864203705252827616e-03
6.028646290926418724e-03
6.197699579748399551e-03
6.371492966974194594e-03
6.550159030951330751e-03
6.733834750430958867e-03
6.922660543054057203e-03
7.116780416496080314e-03
7.316342730965904977e-03
7.521500554810446257e-03
7.732410378216376078e-03
7.949233438926034401e-03
8.172135674250411222e-03
8.401287018398553852e-03
8.636863100307999586e-03
8.879043780705732358e-03
9.128014346577846549e-03
9.383964820766756490e-03
9.647090910917791376e-03
9.917593853040999538e-03
1.019568013222665881e-02
1.048156262085753881e-02
1.077545959830974488e-02
1.107759543355152539e-02
1.138820143933981510e-02
1.170751486413773232e-02
1.203577932113667620e-02
1.237324614449258897e-02
1.272017290041279822e-02
1.307682485945398446e-02
1.344347413302377121e-02
1.382040102077769506e-02
1.420789379876023599e-02
1.460624795423609568e-02
1.501576815385166977e-02
1.543676689698911253e-02
1.586956617348595291e-02
1.631449606992169815e-02
1.677189688229605014e-02
1.724211770847513397e-02
1.772551753845754557e-02
1.822246561346220137e-02
1.873334127544249231e-02
1.925853485419384142e-02
1.979844732339265667e-02
2.035349073714751503e-02
2.092408872215830579e-02
2.151067726571387687e-02
2.211370379368761407e-02
2.273362860473325184e-02
2.337092510019057184e-02
2.402607935848057735e-02
2.469959156235456907e-02
2.539197551817773749e-02
2.610375981393770264e-02
2.683548706201377421e-02
2.758771583068958533e-02
2.836101992147981726e-02
2.915598909100216088e-02
2.997322967225683060e-02
3.081336513811703398e-02
3.167703609818599969e-02
3.256490100639844454e-02
3.347763709319232645e-02
3.441593976048853976e-02
3.538052474803916186e-02
3.637212703161243205e-02
3.739150226347593559e-02
3.843942749425990901e-02
3.951670119085805288e-02
4.062414408715449288e-02
4.176259985619417553e-02
4.293293588539414535e-02
4.413604317156955004e-02
4.537283810595608979e-02
4.664426214484512778e-02
4.795128392707784237e-02
4.929489779603605376e-02
5.067612656437019830e-02
5.209602123617350367e-02
5.355566249140002177e-02
5.505616067391683188e-02
5.659865708666225737e-02
5.818432484397238064e-02
5.981436981104489015e-02
6.149003114945515019e-02
6.321258275675548099e-02
6.498333334902763048e-02
6.680362899965065770e-02
6.867485261306598143e-02
7.059842489833841050e-02
7.257580737270938331e-02
7.460850061624785257e-02
7.669804840605501384e-02
7.884603614312114817e-02
8.105409346002075133e-02
8.332389571729734157e-02
8.565716420463274916e-02
8.805566782229991285e-02
9.052122478197974220e-02
9.305570335055059206e-02
9.566102419042771254e-02
9.833916006107355778e-02
1.010921389474641052e-01
1.039220451388879474e-01
1.068310195300512244e-01
1.098212629946558189e-01
1.128950370543971155e-01
1.160546656837886798e-01
1.193025362684566881e-01
1.226411030631197052e-01
1.260728873554211038e-01
1.296004799966305188e-01
1.332265432473046796e-01
1.369538120684304083e-01
1.407850976166094281e-01
1.447232877580442723e-01
1.487713494146963578e-01
1.529323315458910870e-01
1.572093665790053607e-01
1.616056723360911607e-01
1.661245558004399991e-01
1.707694134867097369e-01
1.755437355487436402e-01
1.804511068752398806e-01
1.854952115543803404e-01
1.906798327089796186e-01
1.960088578759333622e-01
2.014862798858822468e-01
2.071162006838195291e-01
2.129028335884355361e-01
2.188505068732404801e-01
2.249636659841276198e-01
2.312468772221914493e-01
2.377048305024571651e-01
2.443423430339076996e-01
2.511643622220269267e-01
2.581759691958086522e-01
2.653823825385566715e-01
2.727889612968492639e-01
2.804012086815649840e-01
2.882247767696066165e-01
2.962654688355433885e-01
3.045292441816452866e-01
3.130222215818367903e-01
3.217506842164185032e-01
3.307210826949432136e-01
3.399400398331613449e-01
3.494143552981475165e-01
3.591510092480688088e-01
3.691571681154010576e-01
3.794401876745286395e-01
3.900076187940892947e-01
4.008672117650198263e-01
4.120269218684191048e-01
4.234949135840536671e-01
4.352795661059394305e-01
4.473894785857609468e-01
4.598334752771964795e-01
4.726206107332388551e-01
4.857601760431126126e-01
4.992617039850814065e-01
5.131349743152486820e-01
5.273900201422744294e-01
5.420371341009151411e-01
5.570868732203386742e-01
5.725500662944744690e-01
5.884378194027792830e-01
6.047615223179412247e-01
6.215328545680494088e-01
6.387637928452721825e-01
6.564666167730927038e-01
6.746539150386636763e-01
6.933385936546921924e-01
7.125338815654385094e-01
7.322533381996075841e-01
7.525108594018230512e-01
7.733206858697853070e-01
7.946974090772198629e-01
8.166559785214847489e-01
8.392117100601380608e-01
8.623802912071236726e-01
8.861777901888733266e-01
9.106206615638697821e-01
9.357257550756976627e-01
9.615103220137570794e-01
9.879920217013518080e-01
1.015188931092545044e+00
1.043119549139300828e+00
1.071802806337908365e+00
1.101258069864067268e+00
1.131505152345928078e+00
1.162564316943113463e+00
1.194456285840421295e+00
1.227202245905167910e+00
1.260823854955598344e+00
1.295343248607614184e+00
1.330783046435767947e+00
1.367166357115131570e+00
1.404516784737475543e+00
1.442858433040669963e+00
1.482215911591745705e+00
1.522614339079910950e+00
1.564079348564582750e+00
1.606637089934907170e+00
1.650314234553159398e+00
1.695137976035937744e+00
1.741136033656759619e+00
1.788336653398115317e+00
1.836768607861941405e+00
1.886461197243946009e+00
1.937444247378087958e+00
1.989748108754874067e+00
2.043403652592070685e+00
2.098442267497705682e+00
2.154895854664551358e+00
2.212796820922759089e+00
2.272178070891928137e+00
2.333072999097286271e+00
2.395515477661379844e+00
2.459539845597054963e+00
2.525180893218741396e+00
2.592473847405885046e+00
2.661454352854435434e+00
2.732158451336712979e+00
2.804622560484782312e+00
2.878883447678810548e+00
2.954978202095170481e+00
3.032944204872933369e+00
3.112819094801107411e+00
3.194640731157364577e+00
3.278447153635903444e+00
3.364276538130472893e+00
3.452167147682122739e+00
3.542157281186136597e+00
3.634285216030364030e+00
3.728589146240823382e+00
3.825107115130089497e+00
3.923876944208105400e+00
4.024936154113622599e+00
4.128321880790613463e+00
4.234070784834358392e+00
4.342218953127773950e+00
4.452801794969172278e+00
4.565853927912456811e+00
4.681409057116789896e+00
4.799499845832435163e+00
4.920157775007431233e+00
5.043412994037700159e+00
5.169294161817922451e+00
5.297828274698528794e+00
5.429040484136757883e+00
5.562953900937839258e+00
5.699589386564178461e+00
5.838965330547389421e+00
5.981097412245998335e+00
6.125998348229744650e+00
6.273677620515129227e+00
6.424141190399097923e+00
6.577391190295586831e+00
6.733425598596435080e+00
6.892237891018019091e+00
7.053816671787933146e+00
7.218145280655051010e+00
7.385201374969037502e+00
7.554956486189873033e+00
7.727375547819358204e+00
7.902416395578359953e+00
8.080029234828304041e+00
8.260156077789169160e+00
8.442730144218471011e+00
8.627675227068193564e+00
8.814905019425202326e+00
9.004322401393082487e+00
9.195818684208518334e+00
9.389272808342045806e+00
9.584550496957884747e+00
9.781503355942120947e+00
9.979967924634458143e+00
1.017976466736010188e+01
1.038069691020997887e+01
1.058254971393765764e+01
1.078508868189998005e+01
1.098805870107209870e+01
1.119118260949058019e+01
1.139415978915225480e+01
1.159666467839401527e+01
1.179834520042684254e+01
1.199882110391652290e+01
1.219768221070264858e+01
1.239448656526273673e+01
1.258875848221700089e+01
1.277998648535104920e+01
1.296762113362957258e+01
1.315107272697027696e+01
1.332970888836373469e+01
1.350285201353258202e+01
1.366977658163728471e+01
1.382970632340803618e+01
1.398181123319579378e+01
1.412520442610782467e+01
1.425893882303878968e+01
1.438200366269867381e+01
1.449332082808054523e+01
1.459174098023457056e+01
1.467603948889239973e+01
1.474491215127584631e+01
1.479697068819293015e+01
1.483073800654082497e+01
1.484464321947040233e+01
1.483701640897721497e+01
1.480608312347870026e+01
1.474995859311083635e+01
1.466664165418239385e+01
1.455400836688253818e+01
1.440980531336355952e+01
1.423164256065783384e+01
1.401698627431983013e+01
1.376315096748789202e+01
1.346729136623459411e+01
1.312639388102571480e+01
1.273726765662241434e+01
1.229653519321636068e+01
1.180062251185383460e+01
1.124574884923219464e+01
1.062791585876638223e+01
9.942896300842898327e+00
9.186222195631257748e+00
8.353172420746876270e+00
7.438759728551529449e+00
6.437717158381971672e+00
5.344483821646540456e+00
4.153190030875642869e+00
2.857641751053138890e+00
1.451304341146069987e+00
-7.271443983428405033e-02
-1.721682188683476333e+00
-3.503260411749457681e+00
-5.425523899376968551e+00
-7.496980959512089093e+00
-9.726594539377771298e+00
-1.212380426793942689e+01
-1.469854945655690415e+01
-1.746129309068225766e+01
-2.042304684969043649e+01
-2.359539719206028607e+01
-2.699053254543721536e+01
-3.062127163732139934e+01
-3.450109301172144427e+01
-3.864416577028605104e+01
-4.306538157760451213e+01
-4.778038798258508990e+01
-5.280562309109092922e+01
-5.815835164142476543e+01
-6.385670252672281322e+01
-6.991970781482424968e+01
-7.636734331174443469e+01
-8.322057071945204143e+01
-9.050138144396774464e+01
-9.823284209707449577e+01
-1.064391417538657123e+02
-1.151456410186313093e+02
-1.243789229531019913e+02
-1.341668459261721296e+02
-1.445385984422915158e+02
-1.555247560146785304e+02
-1.671573401342163834e+02
-1.794698794044577710e+02
-1.924974729060507741e+02
-2.062768558544588302e+02
-2.208464676139429343e+02
-2.362465221468739855e+02
-2.525190809583955058e+02
-2.697081286114639056e+02
-2.878596508862150927e+02
-3.070217156577583637e+02
-3.272445565702399222e+02
-3.485806595823958673e+02
-3.710848524688094585e+02
-3.948143973584556079e+02
-4.198290863885245017e+02
-4.461913405739858263e+02
-4.739663119653363879e+02
-5.032219891979736985e+02
-5.340293065205135008e+02
-5.664622563972118314e+02
-6.005980057903278748e+02
-6.365170162156478000e+02
-6.743031676776521408e+02
-7.140438866002033365e+02
-7.558302778456733222e+02
-7.997572609585110968e+02
-8.459237107296207796e+02
-8.944326022222503525e+02
-9.453911603697742976e+02
-9.989110142851176306e+02
-1.055108356401802666e+03
-1.114104106612320493e+03
-1.176024081507849814e+03
-1.240999168910263052e+03
-1.309165507807845643e+03
-1.380664673896470731e+03
-1.455643870849413815e+03
-1.534256127521862254e+03
-1.616660501245870819e+03
-1.703022287408184866e+03
-1.793513235501101235e+03
-1.888311771848965464e+03
-1.987603229207152708e+03
-2.091580083460045444e+03
-2.200442197629638940e+03
-2.314397073445578371e+03
-2.433660110686497319e+03
-2.558454874581672357e+03
-2.689013371506788644e+03
-2.825576333261234140e+03
-2.968393510200947276e+03
-3.117723973531522461e+03
-3.273836427061684844e+03
-3.437009528750032587e+03
-3.607532222357585852e+03
-3.785704079575049946e+03
-3.971835652985846536e+03
-4.166248840237090917e+03
-4.369277259812766715e+03
-4.581266638800784676e+03
-4.802575213175735371e+03
-5.033574140878211438e+03
-5.274647928352555937e+03
-5.526194870862292191e+03
-5.788627507205676920e+03
-6.062373089304724999e+03
-6.347874067257886054e+03
-6.645588590393540471e+03
-6.955991024976759945e+03
-7.279572489182371100e+03
-7.616841405946775922e+03
-7.968324074517537156e+03
-8.334565261246210866e+03
-8.716128810562187937e+03
-9.113598276755985353e+03
-9.527577577515630765e+03
-9.958691669985641056e+03
-1.040758725032400071e+04
-1.087493347773145615e+04
-1.136142272375912944e+04
-1.186777134825630856e+04
-1.239472050258158743e+04
-1.294303696180260886e+04
-1.351351398646747475e+04
-1.410697221575897856e+04
-1.472426059285836163e+04
-1.536625732429351774e+04
-1.603387087443307246e+04
-1.672804099685879919e+04
-1.744973980400744404e+04
-1.819997287701309688e+04
-1.897978041725082949e+04
-1.979023844166839262e+04
-2.063246002361610226e+04
-2.150759658162474443e+04
-2.241683921774744158e+04
-2.336142010828668936e+04
-2.434261394902662141e+04
-2.536173945747066318e+04
-2.642016093492959772e+04
-2.751928989145984815e+04
-2.866058673584016651e+04
-2.984556253488389484e+04
-3.107578084462423067e+04
-3.235285961703639987e+04
-3.367847318622391322e+04
-3.505435433818570891e+04
-3.648229646758416493e+04
-3.796415582687450660e+04
-3.950185387226726743e+04
-4.109737971078466944e+04
-4.275279265488403325e+04
-4.447022488963945943e+04
-4.625188425820508564e+04
-4.810005717269684101e+04
-5.001711165689968766e+04
-5.200550052761560801e+04
-5.406776472299957095e+04
-5.620653678614877572e+04
-5.842454451185444486e+04
-6.072461476682753710e+04
-6.310967749259748234e+04
-6.558276990256585123e+04
-6.814704088381722977e+04
-7.080575561676616780e+04
-7.356230042432634218e+04
-7.642018786674205330e+04
-7.938306209494853101e+04
-8.245470448026379745e+04
-8.563903953634017671e+04
-8.894014115360757569e+04
-9.236223916475295846e+04
-9.590972626406417112e+04
-9.958716530237531697e+04
-1.033992969848241919e+05
-1.073510479964024998e+05
-1.114475395858333068e+05
-1.156940966392488917e+05
-1.200962572774476721e+05
-1.246597830133845855e+05
-1.293906695120609365e+05
-1.342951579933869361e+05
-1.393797473291551869e+05
-1.446512068807356991e+05
-1.501165901389400242e+05
-1.557832492224286834e+05
-1.616588503047488921e+05
-1.677513900399407139e+05
-1.740692130682217539e+05
-1.806210306877272087e+05
-1.874159407886820554e+05
-1.944634491506566119e+05
-2.017734922257559374e+05
-2.093564615239210252e+05
-2.172232297482166905e+05
-2.253851788267084048e+05
-2.338542300163097680e+05
-2.426428762603529613e+05
-2.517642170095759793e+05
-2.612319957393389486e+05
-2.710606404117907514e+05
-2.812653071748886141e+05
-2.918619276074701338e+05
-3.028672598724667914e+05
-3.142989441655450501e+05
-3.261755629074794124e+05
-3.385167061779940850e+05
-3.513430429457341088e+05
-3.646763987297599670e+05
-3.785398404063236667e+05
-3.929577689603844774e+05
-4.079560210998736438e+05
-4.235619807775697554e+05
-4.398047017931163427e+05
-4.567150428463458084e+05
-4.743258165762323188e+05
-4.926719543801725376e+05
-5.117906890579545870e+05
-5.317217576602495974e+05
-5.525076272840710590e+05
-5.741937470085744280e+05
-5.968288297167338897e+05
-6.204651681397835491e+05
-6.451589902750462061e+05
-6.709708602112944936e+05
-6.979661315355997067e+05
-7.262154618118085200e+05
-7.557953983385639731e+05
-7.867890473621692508e+05
-8.192868414770431118e+05
-8.533874230661658803e+05
-8.891986655184220290e+05
-9.268388589120880933e+05
-9.664380930401027435e+05
-1.008139878678733134e+06
-1.052103058140283916e+06
-1.098504069526212057e+06
-1.147539646412488772e+06
-1.199430057682996150e+06
-1.254423022880742559e+06
-1.312798479807104915e+06
-1.374874437601281796e+06
-1.441014226673095021e+06
-1.511635566491727252e+06
-1.587222028339581331e+06
-1.668337696261503967e+06
-1.755646162964226678e+06
-1.849935499319570139e+06
-1.952151609101449838e+06
-2.063443600713377818e+06
-2.185226790150440764e+06
-2.319272275366294198e+06
-2.467837814008133020e+06
-2.633865264334811363e+06
-2.821289978259533178e+06
-3.035548414362855256e+06
-3.284459578748678789e+06
-3.579869889410936274e+06
-3.941027952009989880e+06
-4.402481131115277298e+06
-5.036582614349724725e+06
-6.043881644659324549e+06
-8.665938472431477159e+06
nan
nan
nan
nan
nan
nan
nan
nan
nan
nan
nan
nan
nan
nan
nan
nan
nan
nan
nan
nan
nan
nan
nan
nan
nan
nan
nan
nan
nan
nan
nan
nan
nan
nan
nan
nan
nan
nan
nan
nan
nan
nan
nan
nan
nan
nan
nan
nan
nan
nan
nan
nan
nan
nan
nan
nan
nan
nan
nan
nan
nan
nan
nan
nan
nan
nan
nan
nan
nan
nan
nan
nan
nan
nan
nan
nan
nan
nan
nan
nan
