1.278325338476836048e-06
1.314061451072279940e-06
1.350948298639844166e-06
1.388772957251969849e-06
1.427850911623000396e-06
1.467760701779733014e-06
1.508864326124541420e-06
1.551293042732538908e-06
1.594702619181020500e-06
1.639524728348397626e-06
1.685467626697683974e-06
1.732766476318297299e-06
1.781435582388075461e-06
1.831261552242147469e-06
1.882568318067407347e-06
1.935455853201286990e-06
1.989805029762963572e-06
2.045525674738703684e-06
2.102815772176290474e-06
2.161905957755862039e-06
2.222556484963010203e-06
2.284816104348280992e-06
2.349021741877646269e-06
2.414795454019877293e-06
2.482548405651423913e-06
2.552231729960478720e-06
2.623836137256627568e-06
2.697394466261702095e-06
2.772983898777014025e-06
2.850724682697122558e-06
2.930530776578660279e-06
3.012869483659703494e-06
3.097247560351151392e-06
3.184226030264448475e-06
3.273414795795563266e-06
3.365229321362618131e-06
3.459633365636865115e-06
3.556651043631480578e-06
3.656357883278210568e-06
3.758894193055773018e-06
3.864456157491789982e-06
3.972798748837684678e-06
4.084246308644871232e-06
4.198683933493710286e-06
4.316567273425931014e-06
4.437668536724391141e-06
4.562079139314195588e-06
4.689965556531719831e-06
4.821571171025871200e-06
4.956709554809247704e-06
5.095780676114923925e-06
5.238507512742378687e-06
5.385457411016018375e-06
5.536525453019902054e-06
5.691946834303418995e-06
5.851545270448620735e-06
6.015492846530639813e-06
6.184307121562476589e-06
6.357596333859137953e-06
6.536081178035115549e-06
6.719326728074580992e-06
6.907763749127875569e-06
7.101425703495639695e-06
7.300714109042148864e-06
7.505395382771340115e-06
7.715854280094419884e-06
7.932352785968847084e-06
8.154773938828324903e-06
8.383380851853486658e-06
8.618577271349435164e-06
8.860146736484037199e-06
9.108768906765140537e-06
9.364265605022163385e-06
9.626858619170140146e-06
9.896671971524551107e-06
1.017424469913958042e-05
1.045976901874696982e-05
1.075310612139015532e-05
1.105453996124215593e-05
1.136453349994489645e-05
1.168322556957699388e-05
1.201094492515324168e-05
1.234770761484973694e-05
1.269398321167000233e-05
1.305018975426988577e-05
1.341594832175807162e-05
1.379235530811301236e-05
1.417921773289883671e-05
1.457682112657218061e-05
1.498568529721427802e-05
1.540581391288646870e-05
1.583796586262421231e-05
1.628214121283942355e-05
1.673860634539843897e-05
1.720814486572809179e-05
1.769081135236576046e-05
1.818694328352618098e-05
1.869691964837719796e-05
1.922116475180745662e-05
1.976016371388728915e-05
2.031446318180260715e-05
2.088418422265952572e-05
2.146977916251930176e-05
2.207204947715856412e-05
2.269088706092654557e-05
2.332730727001826261e-05
2.398143928168291453e-05
2.465404913659860340e-05
2.534554395781506248e-05
2.605623343420344760e-05
2.678709604352746677e-05
2.753828610946343179e-05
2.831064291354959200e-05
2.910446352724805626e-05
2.992075612713434248e-05
3.076000621078927178e-05
3.162268788126153078e-05
3.250952950870806966e-05
3.342102963119230642e-05
3.435847257094506177e-05
3.532193144152091400e-05
3.631255114967875966e-05
3.733105138993927957e-05
3.837799579591765696e-05
3.945406158390151732e-05
4.056055776753512564e-05
4.169818604509182777e-05
4.286756354298572216e-05
4.406974009576588246e-05
4.530572075729279852e-05
4.657623004116615202e-05
4.788248858496228311e-05
4.922547592861597235e-05
5.060595751447852735e-05
5.202500606042823901e-05
5.348402668358831372e-05
5.498402394486541224e-05
5.652612930493077013e-05
5.811137295039910599e-05
5.974096508787243837e-05
6.141631845919312126e-05
6.313882318056988289e-05
6.490962657360498306e-05
6.672990962831966617e-05
6.860141839081028122e-05
7.052524080267741954e-05
7.250309257063669642e-05
7.453634079955612983e-05
7.662679523437992805e-05
7.877573391993191181e-05
8.098494164523714937e-05
8.325624579692589397e-05
8.559104771280168743e-05
8.799136503735263183e-05
9.045912094292818048e-05
9.299592385740183473e-05
9.560387120031135419e-05
9.828508273190160937e-05
1.010414943763662983e-04
1.038751509352709183e-04
1.067882564681009558e-04
1.097832164922771649e-04
1.128619332288056503e-04
1.160271140896375233e-04
1.192810632696506121e-04
1.226262338146517775e-04
1.260652888068255345e-04
1.296006460429714583e-04
1.332352945432969732e-04
1.369718423074790283e-04
1.408130829840261670e-04
1.447620564080372250e-04
1.488218576692287593e-04
1.529954575983948669e-04
1.572862630393258873e-04
1.616971874662850969e-04
1.662319769547777111e-04
1.708937712344717717e-04
1.756864397291560669e-04
1.806133991755341393e-04
1.856786993524862884e-04
1.908858449674544710e-04
1.962391368403821950e-04
2.017425045939729496e-04
2.074003457758811803e-04
2.132166046380919134e-04
2.191961388488739742e-04
2.253435405305055823e-04
2.316629938861527050e-04
2.381598837127129730e-04
2.448388831023215646e-04
2.517053258172026074e-04
2.587640489377834906e-04
2.660210262242577030e-04
2.734812117570713567e-04
2.811509277517740355e-04
2.890354717025338444e-04
2.971412533116443450e-04
3.054744176892799966e-04
3.140412305726807238e-04
3.228482106638336365e-04
3.319022775140188395e-04
3.412101412059170705e-04
3.507792007936736366e-04
3.606164451007051177e-04
3.707296153735037078e-04
3.811263599061950934e-04
3.918146542055986965e-04
4.028027228534834065e-04
4.140989567039051215e-04
4.257118507345861885e-04
4.376506886330153428e-04
4.499239749446345949e-04
4.625416428589197585e-04
4.755132488926240662e-04
4.888484233767200274e-04
5.025576003865698258e-04
5.166512155018736403e-04
5.311401980277638242e-04
5.460354406693877522e-04
5.613482920971080365e-04
5.770905500390074430e-04
5.932742120511591555e-04
6.099119870400168675e-04
6.270160477859598562e-04
6.445998220468020885e-04
6.626767610979606522e-04
6.812606291639273842e-04
7.003655516068393004e-04
7.200063199607739444e-04
7.401977011941150882e-04
7.609552670479200268e-04
7.822952194076078763e-04
8.042332250991353045e-04
8.267867832096082066e-04
8.499725623517420496e-04
8.738085396100990151e-04
8.983128663565959071e-04
9.235042684883870267e-04
9.494021954549302506e-04
9.760264796330382110e-04
1.003397262847713269e-03
1.031535433569371902e-03
1.060462577155509879e-03
1.090200933164614744e-03
1.120773373595026264e-03
1.152202883412103192e-03
1.184513819325574285e-03
1.217730671680342623e-03
1.251879095752128027e-03
1.286984948469030877e-03
1.323075111135070276e-03
1.360177303495792474e-03
1.398319930570307307e-03
1.437531941301287055e-03
1.477843449307719454e-03
1.519285381223629697e-03
1.561889132890051726e-03
1.605687751702472143e-03
1.650714130738288425e-03
1.697003232604027715e-03
1.744590071778896485e-03
1.793511226588169905e-03
1.843804120529389740e-03
1.895507318170368575e-03
1.948659852238640491e-03
2.003302827956087578e-03
2.059477782599705622e-03
2.117227840230438349e-03
2.176597126961251575e-03
2.237630718224299046e-03
2.300375616909427091e-03
2.364879748272676746e-03
2.431192238493986701e-03
2.499363976599492353e-03
2.569446945006792406e-03
2.641494842369765395e-03
2.715562479100079845e-03
2.791706710304544051e-03
2.869985647903474605e-03
2.950459160925473362e-03
3.033188655622093104e-03
3.118237397551933479e-03
3.205670366614528539e-03
3.295554398185771700e-03
3.387958122399226113e-03
3.482952433911554353e-03
3.580609502028542224e-03
3.681004088259115167e-03
3.784212886306282178e-03
3.890314927015218679e-03
3.999391012819380684e-03
4.111524711688564933e-03
4.226801390250761042e-03
4.345309309951962858e-03
4.467139259944475846e-03
4.592383747786220327e-03
4.721138755311621131e-03
4.853502282623610269e-03
4.989575969934456103e-03
5.129463503041526741e-03
5.273271350535458681e-03
5.421109815278427578e-03
5.573091628453688898e-03
5.729332628454592360e-03
5.889952256499082772e-03
6.055073364931080372e-03
6.224821594716482831e-03
6.399326588429770507e-03
6.578721777971937787e-03
6.763143984926604790e-03
6.952733614981958590e-03
7.147635938911253706e-03
7.347999439631752033e-03
7.553976760991831622e-03
7.765725250289632134e-03
7.983406575992058052e-03
8.207186704802450772e-03
8.437236214477825125e-03
8.673730721492932394e-03
8.916850396304092444e-03
9.166780593191922039e-03
9.423712338280676795e-03
9.687840922334593763e-03
9.959368373675007297e-03
1.023850102236407988e-02
1.052545196879873038e-02
1.082044015830036475e-02
1.112368982172881778e-02
1.143543233225580678e-02
1.175590516668130817e-02
1.208535226885009209e-02
1.242402506184516961e-02
1.277218083575863347e-02
1.313008532184070654e-02
1.349801088452916645e-02
1.387623714626343846e-02
1.426505252843428447e-02
1.466475294827622455e-02
1.507564219180335466e-02
1.549803348208590031e-02
1.593224745252241545e-02
1.637861483876678834e-02
1.683747509241217272e-02
1.730917670514196122e-02
1.779407898884212066e-02
1.829254980318092971e-02
1.880496852559453494e-02
1.933172420970587224e-02
1.987321726008601380e-02
2.042985855519013905e-02
2.100207109834619640e-02
2.159028938885203253e-02
2.219495981466057533e-02
2.281654104956273160e-02
2.345550497684697339e-02
2.411233639649158073e-02
2.478753298778503880e-02
2.548160686124873592e-02
2.619508412559039268e-02
2.692850528014997108e-02
2.768242642826325081e-02
2.845741805459038598e-02
2.925406690624934164e-02
3.007297646319176745e-02
3.091476600854613926e-02
3.178007232657731329e-02
3.266955001462566732e-02
3.358387119371451790e-02
3.452372710883126056e-02
3.548982763726071799e-02
3.648290222153864615e-02
3.750370073093917123e-02
3.855299327175802648e-02
3.963157169457715012e-02
4.074024907769065174e-02
4.187986093641223040e-02
4.305126593898676163e-02
4.425534612066170381e-02
4.549300812273353312e-02
4.676518297323896400e-02
4.807282716704414094e-02
4.941692407435982481e-02
5.079848291124378079e-02
5.221854158857915790e-02
5.367816565619658309e-02
5.517844989165646141e-02
5.672051903821558050e-02
5.830552846757473817e-02
5.993466502103475535e-02
6.160914782233500170e-02
6.333022930557349883e-02
6.509919550144169231e-02
6.691736783247945186e-02
6.878610321052060217e-02
7.070679542995986222e-02
7.268087591317967666e-02
7.470981480075114534e-02
7.679512218309980653e-02
7.893834847533180710e-02
8.114108624352102395e-02
8.340497045856695713e-02
8.573168026556357568e-02
8.812293999987405591e-02
9.058052023183657542e-02
9.310623839536230628e-02
9.570196126087932020e-02
9.836960502676414531e-02
1.011111368303874158e-01
1.039285764461744394e-01
1.068239974536960429e-01
1.097995276682020016e-01
1.128573523697141978e-01
1.159997135911196298e-01
1.192289132963169351e-01
1.225473136922800577e-01
1.259573389829049817e-01
1.294614773755196346e-01
1.330622818281496367e-01
1.367623726372504123e-01
1.405644376137100693e-01
1.444712351724687371e-01
1.484855951188421286e-01
1.526104201564882634e-01
1.568486884789110913e-01
1.612034549089269575e-01
1.656778524490949422e-01
1.702750950322156342e-01
1.749984782490271451e-01
1.798513816412756483e-01
1.848372705950184769e-01
1.899596986554821232e-01
1.952223085546804515e-01
2.006288352936078934e-01
2.061831065419247322e-01
2.118890464787920591e-01
2.177506765967165969e-01
2.237721180477169058e-01
2.299575936066109438e-01
2.363114300775466248e-01
2.428380604483342808e-01
2.495420246195346747e-01
2.564279740822602016e-01
2.635006717759047490e-01
2.707649945676926517e-01
2.782259368630035645e-01
2.858886112051917117e-01
2.937582506972603591e-01
3.018402115990455048e-01
3.101399749294457830e-01
3.186631491659767668e-01
3.274154716540336185e-01
3.364028107890632002e-01
3.456311688963333850e-01
3.551066823083311452e-01
3.648356258594689372e-01
3.748244123039631281e-01
3.850795958663328911e-01
3.956078734544031805e-01
4.064160859613642485e-01
4.175112207588644875e-01
4.289004119966604023e-01
4.405909436095584164e-01
4.525902493823353856e-01
4.649059147435911088e-01
4.775456778906043143e-01
4.905174299040203634e-01
5.038292167549314193e-01
5.174892395852297433e-01
5.315058541691904948e-01
5.458875724639208338e-01
5.606430619031597118e-01
5.757811446168314973e-01
5.913107989586162683e-01
6.072411557779828772e-01
6.235815004027736030e-01
6.403412686647493857e-01
6.575300467721152398e-01
6.751575691201313623e-01
6.932337145195865968e-01
7.117685048086332955e-01
7.307721002502821639e-01
7.502547964849826112e-01
7.702270194432162542e-01
7.906993209641777209e-01
8.116823725723880667e-01
8.331869596730651084e-01
8.552239745991556674e-01
8.778044085247361794e-01
9.009393435090694569e-01
9.246399425979692221e-01
9.489174405668472367e-01
9.737831322441132809e-01
9.992483594740969588e-01
1.025324499988621962e+00
1.052022951158691155e+00
1.079355114999522858e+00
1.107332381836976243e+00
1.135966111836399950e+00
1.165267614310411259e+00
1.195248128176809477e+00
1.225918798355448480e+00
1.257290650694331990e+00
1.289374566471940931e+00
1.322181253313650107e+00
1.355721215663514556e+00
1.390004721284912925e+00
1.425041767039011864e+00
1.460842041175995254e+00
1.497414884598896823e+00
1.534769246388405506e+00
1.572913640021033288e+00
1.611856094171980835e+00
1.651604101233132393e+00
1.692164562412922457e+00
1.733543728617339408e+00
1.775747138557031146e+00
1.818779552633782437e+00
1.862644881492883764e+00
1.907346112190892562e+00
1.952885228047240629e+00
1.999263124013505699e+00
2.046479517171112761e+00
2.094532852223436326e+00
2.143420199962456252e+00
2.193137150443530636e+00
2.243677700524591145e+00
2.295034133617367189e+00
2.347196892261990797e+00
2.400154445624412158e+00
2.453893145486040872e+00
2.508397077402122921e+00
2.563647902158038061e+00
2.619624687248412798e+00
2.676303730237596046e+00
2.733658372093359379e+00
2.791658799186153228e+00
2.850271835427741873e+00
2.909460721831032437e+00
2.969184885273298491e+00
3.029399694465200188e+00
3.090056200301787293e+00
3.151100867416642082e+00
3.212475285053108642e+00
3.274115867710154504e+00
3.335953537982696115e+00
3.397913390865830774e+00
3.459914344495466754e+00
3.521868769273471589e+00
3.583682099213877592e+00
3.645252422719792662e+00
3.706470053808519793e+00
3.767217079137548996e+00
3.827366882982342844e+00
3.886783650447061866e+00
3.945321841778483218e+00
4.002825642639179726e+00
4.059128387677954919e+00
4.114051953795678784e+00
4.167406125031684283e+00
4.218987924515193555e+00
4.268580916354376420e+00
4.315954471336132414e+00
4.360862998540561364e+00
4.403045138767199163e+00
4.442222921733923080e+00
4.478100879982549465e+00
4.510365123549063604e+00
4.538682369177647224e+00
4.562698925458025911e+00
4.582039630095620986e+00
4.596306736174581964e+00
4.605078750474635996e+00
4.607909214263996134e+00
4.604325432144506181e+00
4.593827139818909444e+00
4.575885113777911073e+00
4.549939716286024449e+00
4.515399377453571006e+00
4.471639006951483530e+00
4.417998336289639560e+00
4.353780189026497993e+00
4.278248671463940944e+00
4.190627287820838376e+00
4.090096970796745168e+00
3.975794027147198761e+00
3.846807995078192377e+00
3.702179408627695345e+00
3.540897467182712699e+00
3.361897605650674858e+00
3.164058960540170329e+00
2.946201731392380285e+00
2.707084428850995206e+00
2.445401009885251220e+00
2.159777891536956318e+00
1.848770844301219185e+00
1.510861754054551920e+00
1.144455253589231170e+00
7.478752150522334219e-01
3.193611014775079582e-01
-1.429358312046176138e-01
-6.409564840666970298e-01
-1.176738022555612773e+00
-1.752418149984311668e+00
-2.370239548787860251e+00
-3.032554499143475191e+00
-3.741829677122687769e+00
-4.500651144406354831e+00
-5.311729529180121645e+00
-6.177905412008642294e+00
-7.102154916295194909e+00
-8.087595517630992603e+00
-9.137492074771028427e+00
-1.025526309043243067e+01
-1.144448721191413476e+01
-1.270890997734881012e+01
-1.405245081582322975e+01
-1.547921031317785356e+01
-1.699347774795511867e+01
-1.859973890920779738e+01
-2.030268420466319768e+01
-2.210721707115373391e+01
-2.401846269123603506e+01
-2.604177703445648007e+01
-2.818275622862035590e+01
-3.044724627114782933e+01
-3.284135309577845163e+01
-3.537145300410739424e+01
-3.804420347308590067e+01
-4.086655435159921268e+01
-4.384575945964895993e+01
-4.698938860225964476e+01
-5.030534001195931637e+01
-5.380185323190957547e+01
-5.748752245908337954e+01
-6.137131035569264981e+01
-6.546256234879831482e+01
-6.977102143361753406e+01
-7.430684349215574969e+01
-7.908061315165788585e+01
-8.410336019238962990e+01
-8.938657652763380668e+01
-9.494223377240753337e+01
-1.007828014205024374e+02
-1.069212656479850097e+02
-1.133711487662030777e+02
-1.201465293417236779e+02
-1.272620630085664573e+02
-1.347330039893947742e+02
-1.425752273571643514e+02
-1.508052520497311946e+02
-1.594402646750564543e+02
-1.684981441183686002e+02
-1.779974869880100528e+02
-1.879576339234508850e+02
-1.983986967915481898e+02
-2.093415868001629292e+02
-2.208080435623307096e+02
-2.328206651379211394e+02
-2.454029390839251619e+02
-2.585792745518112383e+02
-2.723750354556026991e+02
-2.868165747572572286e+02
-3.019312698968979021e+02
-3.177475594058865340e+02
-3.342949807475330317e+02
-3.516042094154611846e+02
-3.697070993405014292e+02
-3.886367246387968635e+02
-4.084274227541042137e+02
-4.291148390306019564e+02
-4.507359727696410800e+02
-4.733292248163426166e+02
-4.969344467215402688e+02
-5.215929915409410569e+02
-5.473477663090533269e+02
-5.742432862584278155e+02
-6.023257308296449537e+02
-6.316430015362326458e+02
-6.622447817392062461e+02
-6.941825984021591012e+02
-7.275098858812032177e+02
-7.622820518222333703e+02
-7.985565452346869506e+02
-8.363929268059317792e+02
-8.758529415360089843e+02
-9.170005937639729154e+02
-9.599022246673680456e+02
-1.004626592312257230e+03
-1.051244954335027387e+03
-1.099831153344500990e+03
-1.150461705135946886e+03
-1.203215889797824957e+03
-1.258175845815760567e+03
-1.315426667270408871e+03
-1.375056504217288420e+03
-1.437156666373153030e+03
-1.501821730189034042e+03
-1.569149649458525118e+03
-1.639241869527938888e+03
-1.712203445271683222e+03
-1.788143162923413001e+03
-1.867173665904930658e+03
-1.949411584775099527e+03
-2.034977671442698693e+03
-2.123996937775593778e+03
-2.216598798739832091e+03
-2.312917220243203701e+03
-2.413090871815437822e+03
-2.517263284290904721e+03
-2.625583012657845302e+03
-2.738203804243995364e+03
-2.855284772405838339e+03
-2.976990575942558735e+03
-3.103491604339747482e+03
-3.234964169158961340e+03
-3.371590701626532791e+03
-3.513559956784775750e+03
-3.661067224284924578e+03
-3.814314546168627658e+03
-3.973510941734241442e+03
-4.138872639873571643e+03
-4.310623319017990980e+03
-4.488994354997823393e+03
-4.674225077060988951e+03
-4.866563032384665348e+03
-5.066264259277220845e+03
-5.273593569421997927e+03
-5.488824839508743025e+03
-5.712241312496911632e+03
-5.944135908836493400e+03
-6.184811548155830678e+03
-6.434581481514484040e+03
-6.693769634810336356e+03
-6.962710963649069527e+03
-7.241751820067677727e+03
-7.531250331507237206e+03
-7.831576792608062533e+03
-8.143114070045512563e+03
-8.466258021083342101e+03
-8.801417926326948873e+03
-9.149016936927911956e+03
-9.509492537168285708e+03
-9.883297022647146150e+03
-1.027089799480476904e+04
-1.067277887234452464e+04
-1.108943942023511408e+04
-1.152139629673618037e+04
-1.196918361948524398e+04
-1.243335355105504459e+04
-1.291447690475361014e+04
-1.341314377164049438e+04
-1.392996416931026215e+04
-1.446556871355650583e+04
-1.502060931349066595e+04
-1.559575989128304718e+04
-1.619171712743066018e+04
-1.680920123247362062e+04
-1.744895674629954010e+04
-1.811175336615063861e+04
-1.879838680441513861e+04
-1.950967967752391996e+04
-2.024648242711754938e+04
-2.100967427486715678e+04
-2.180016421238962721e+04
-2.261889202763927096e+04
-2.346682936941704611e+04
-2.434498085155803710e+04
-2.525438519845140036e+04
-2.619611643396496584e+04
-2.717128511512932528e+04
-2.818103961297850401e+04
-2.922656744298049307e+04
-3.030909664606598744e+04
-3.142989722392548356e+04
-3.259028263020666782e+04
-3.379161132042136160e+04
-3.503528836339303962e+04
-3.632276711679421715e+04
-3.765555097049084725e+04
-3.903519515968769701e+04
-4.046330865296092088e+04
-4.194155611705785122e+04
-4.347165996371422807e+04
-4.505540248133946443e+04
-4.669462805662957544e+04
-4.839124549068755732e+04
-5.014723041354714223e+04
-5.196462780307486537e+04
-5.384555461390502023e+04
-5.579220252111677109e+04
-5.780684078512436827e+04
-5.989181924534873542e+04
-6.204957144827921729e+04
-6.428261791766178067e+04
-6.659356957507890183e+04
-6.898513131923385663e+04
-7.146010577213867509e+04
-7.402139720346538525e+04
-7.667201564062132093e+04
-7.941508117882900115e+04
-8.225382849946184433e+04
-8.519161161239465582e+04
-8.823190883233828936e+04
-9.137832800780053367e+04
-9.463461201291395992e+04
-9.800464452382175659e+04
-1.014924560936667549e+05
-1.051022305471906147e+05
-1.088383117147590965e+05
-1.127052105283834826e+05
-1.167076125029517425e+05
-1.208503856300959596e+05
-1.251385887096562219e+05
-1.295774801508329692e+05
-1.341725272769557196e+05
-1.389294161631569441e+05
-1.438540620530287561e+05
-1.489526203885716677e+05
-1.542314985026472132e+05
-1.596973680191051972e+05
-1.653571780176642351e+05
-1.712181690174014366e+05
-1.772878878424511349e+05
-1.835742034390727349e+05
-1.900853237200293515e+05
-1.968298135139746300e+05
-2.038166137130401330e+05
-2.110550617137177323e+05
-2.185549132619146258e+05
-2.263263658174884331e+05
-2.343800835649578075e+05
-2.427272242230040720e+05
-2.513794677995881648e+05
-2.603490474722694489e+05
-2.696487827866480220e+05
-2.792921153830485418e+05
-2.892931474905996001e+05
-2.996666834470127360e+05
-3.104282745438424754e+05
-3.215942675148694543e+05
-3.331818570335167460e+05
-3.452091426327915397e+05
-3.576951904873683816e+05
-3.706601005915516871e+05
-3.841250798835946480e+05
-3.981125219860745710e+05
-4.126460942837829934e+05
-4.277508331634801580e+05
-4.434532483715236303e+05
-4.597814375400218996e+05
-4.767652121128829895e+05
-4.944362360590825556e+05
-5.128281789668072597e+05
-5.319768853510078043e+05
-5.519205622916736174e+05
-5.726999878279842669e+05
-5.943587429445706075e+05
-6.169434704383376520e+05
-6.405041644811495207e+05
-6.650944953869300662e+05
-6.907721748334870208e+05
-7.175993677752396325e+05
-7.456431583893792704e+05
-7.749760788142144447e+05
-8.056767111497244332e+05
-8.378303752332992153e+05
-8.715299173495668219e+05
-9.068766181935725035e+05
-9.439812424455694854e+05
-9.829652573609307874e+05
-1.023962254161327495e+06
-1.067119614210160449e+06
-1.112600472437571734e+06
-1.160586044117774582e+06
-1.211278398914676392e+06
-1.264903789694596780e+06
-1.321716675002207048e+06
-1.382004616506502498e+06
-1.446094290622288594e+06
-1.514358933541191509e+06
-1.587227651119638933e+06
-1.665197184837532695e+06
-1.748846956272498239e+06
-1.838858553295094054e+06
-1.936041333894401323e+06
-2.041366612071128096e+06
-2.156014134108469822e+06
-2.281436571982903406e+06
-2.419451143035005312e+06
-2.572373345577920787e+06
-2.743218470742302481e+06
-2.936016908911546692e+06
-3.156330504514868837e+06
-3.412147040313467383e+06
-3.715544193016319536e+06
-4.086088758737227414e+06
-4.558740672915877774e+06
-5.206156814455548301e+06
-6.226548464350161143e+06
-8.764394134270334616e+06
nan
nan
nan
nan
nan
nan
nan
nan
nan
nan
nan
nan
nan
nan
nan
nan
nan
nan
nan
nan
nan
nan
nan
nan
nan
nan
nan
nan
nan
nan
nan
nan
nan
nan
nan
nan
nan
nan
nan
nan
nan
nan
nan
nan
nan
nan
nan
nan
nan
nan
nan
nan
nan
nan
nan
nan
nan
nan
nan
nan
nan
nan
nan
nan
nan
nan
nan
nan
nan
nan
nan
nan
nan
nan
nan
nan
nan
nan
nan
nan
nan
nan
nan
nan
nan
nan
nan
nan
nan
nan
nan
nan
nan
nan
nan
nan
nan
nan
nan
