4.269647389665156001e-01
4.389387934066129593e-01
4.512486536823692718e-01
4.639037373792338492e-01
4.769137257878714453e-01
4.902885720656862123e-01
5.040385081050213767e-01
5.181740531138383510e-01
5.327060214140271199e-01
5.476455299636129315e-01
5.630040078738425269e-01
5.787932048973593036e-01
5.950251999217117671e-01
6.117124112163183636e-01
6.288676041778651360e-01
6.465039036121578153e-01
6.646348010078764190e-01
6.832741671316506782e-01
7.024362613800625432e-01
7.221357431967759810e-01
7.423876827857657235e-01
7.632075733969693188e-01
7.846113424324064889e-01
8.066153638808430948e-01
8.292364713534560172e-01
8.524919699548296759e-01
8.763996507890436938e-01
9.009778028072672473e-01
9.262452290703315771e-01
9.522212588676761680e-01
9.789257640243326231e-01
1.006379173849670794e+00
1.034602490015957610e+00
1.063617303632726552e+00
1.093445810516676886e+00
1.124110829926656674e+00
1.155635820019945248e+00
1.188044897554767498e+00
1.221362855092052335e+00
1.255615180714346968e+00
1.290828076776871391e+00
1.327028480960309231e+00
1.364244086123820088e+00
1.402503361499889412e+00
1.441835574722436064e+00
1.482270814218820565e+00
1.523840012233184771e+00
1.566574967736438451e+00
1.610508372265945676e+00
1.655673833673234396e+00
1.702105901841423075e+00
1.749840095870581980e+00
1.798912930998866289e+00
1.849361946035362303e+00
1.901225732327920248e+00
1.954543963288094321e+00
2.009357425495879035e+00
2.065708048389114815e+00
2.123638937093878187e+00
2.183194405903805091e+00
2.244420011423303052e+00
2.307362587664611109e+00
2.372070281370528555e+00
2.438592590104699198e+00
2.506980398595668458e+00
2.577286018922422706e+00
2.649563229013526477e+00
2.723867315797365851e+00
2.800255115217145985e+00
2.878785057719353890e+00
2.959517211430402472e+00
3.042513328853349019e+00
3.127836893592560230e+00
3.215553169656340415e+00
3.305729250869195113e+00
3.398434111170217875e+00
3.493738659627720011e+00
3.591715792394575502e+00
3.692440449712577344e+00
3.795989672714401131e+00
3.902442662830910347e+00
4.011880841347728932e+00
4.124387912415669710e+00
4.240049926797523128e+00
4.358955347907759403e+00
4.481195119200148902e+00
4.606862732683602246e+00
4.736054302663403881e+00
4.868868636953215479e+00
5.005407313413952508e+00
5.145774757598952753e+00
5.290078322327474325e+00
5.438428369490770464e+00
5.590938354647366992e+00
5.747724914006353991e+00
5.908907952796490726e+00
6.074610737669255300e+00
6.244959989892064911e+00
6.420085983440880106e+00
6.600122642791424354e+00
6.785207647263484354e+00
6.975482534457006167e+00
7.171092808896843529e+00
7.372188053702002364e+00
7.578922044108090006e+00
7.791452864935885181e+00
8.009943031860556673e+00
8.234559615037344571e+00
8.465474366720698640e+00
8.702863852176419002e+00
8.946909585295603762e+00
9.197798165941396320e+00
9.455721423457021046e+00
9.720876562626525441e+00
9.993466313756277586e+00
1.027369908819337851e+01
1.056178913693889143e+01
1.085795671419165309e+01
1.116242824547456536e+01
1.147543649994877413e+01
1.179722076881455095e+01
1.212802704666496112e+01
1.246810822070725422e+01
1.281772426220479133e+01
1.317714242532724001e+01
1.354663745102222094e+01
1.392649177634401880e+01
1.431699574936957653e+01
1.471844785189991889e+01
1.513115492505012583e+01
1.555543240499565272e+01
1.599160456219287418e+01
1.644000474834942338e+01
1.690097565177175909e+01
1.737486955654404497e+01
1.786204861250980613e+01
1.836288511022005210e+01
1.887776176508626236e+01
1.940707200792434151e+01
1.995122028539716297e+01
2.051062236727871380e+01
2.108570566332664598e+01
2.167690954844573525e+01
2.228468569718841863e+01
2.290949842679692239e+01
2.355182505158491324e+01
2.421215624463305360e+01
2.489099641160491672e+01
2.558886407495218762e+01
2.630629226676925114e+01
2.704382893488205042e+01
2.780203735895040396e+01
2.858149657865068960e+01
2.938280183350236996e+01
3.020656501466461208e+01
3.105341513005303256e+01
3.192399878161324267e+01
3.281898065658631936e+01
3.373904403118631024e+01
3.468489128974279367e+01
3.565724445722954528e+01
3.665684574662780904e+01
3.768445812212379309e+01
3.874086587744238130e+01
3.982687522982417505e+01
4.094331493098686536e+01
4.209103689498448375e+01
4.327091684352139822e+01
4.448385496839581776e+01
4.573077661321290321e+01
4.701263297340295821e+01
4.833040181495034915e+01
4.968508821522311081e+01
5.107772532149073186e+01
5.250937513145861146e+01
5.398112929689589379e+01
5.549410994613164405e+01
5.704947053245059863e+01
5.864839670416834849e+01
6.029210719874520663e+01
6.198185476146488071e+01
6.371892709040169223e+01
6.550464780650052887e+01
6.734037744921656099e+01
6.922751450278188656e+01
7.116749644616375292e+01
7.316180083629592446e+01
7.521194641809792358e+01
7.731949426472928621e+01
7.948604895165924233e+01
8.171325976067301156e+01
8.400282191682815380e+01
8.635647786043990948e+01
8.877601855237598727e+01
9.126328481698911332e+01
9.382016871842729699e+01
9.644861497856108201e+01
9.915062242982639873e+01
1.019282455095457323e+02
1.047835957945992931e+02
1.077188435774304622e+02
1.107362194853724873e+02
1.138380161427491544e+02
1.170265898796424437e+02
1.203043624857611320e+02
1.236738230117832131e+02
1.271375296191105519e+02
1.306981114822190762e+02
1.343582707372532354e+02
1.381207844878566107e+02
1.419885068625260942e+02
1.459643711287027941e+02
1.500513918609870245e+02
1.542526671706466459e+02
1.585713809935550103e+02
1.630108054382810678e+02
1.675743031998665060e+02
1.722653300334132496e+02
1.770874372992711585e+02
1.820442745699274099e+02
1.871395923124304659e+02
1.923772446375295999e+02
1.977611921218422708e+02
2.032955047086336720e+02
2.089843646805831838e+02
2.148320697142653160e+02
2.208430360136365778e+02
2.270218015260973345e+02
2.333730292432995270e+02
2.399015105899111120e+02
2.466121688973346693e+02
2.535100629723957013e+02
2.606003907568491513e+02
2.678884930820006502e+02
2.753798575233814745e+02
2.830801223514358753e+02
2.909950805872894648e+02
2.991306841650077217e+02
3.074930481945654037e+02
3.160884553421767578e+02
3.249233603177593750e+02
3.340043944808620608e+02
3.433383705593491868e+02
3.529322874960939771e+02
3.627933354080451522e+02
3.729289006839524063e+02
3.833465711998671850e+02
3.940541416697996624e+02
4.050596191361174760e+02
4.163712285883389086e+02
4.279974187302819928e+02
4.399468678842482063e+02
4.522284900500212075e+02
4.648514411046426176e+02
4.778251251629277476e+02
4.911592010893739939e+02
5.048635891707385213e+02
5.189484779552348073e+02
5.334243312516337028e+02
5.483018953010209771e+02
5.635922061249100352e+02
5.793065970448591315e+02
5.954567063830003235e+02
6.120544853456008241e+02
6.291122061007902175e+02
6.466424700313389167e+02
6.646582161993351292e+02
6.831727299941677529e+02
7.021996519888821240e+02
7.217529870024717411e+02
7.418471133593728837e+02
7.624967923785632138e+02
7.837171780619480614e+02
8.055238270107346352e+02
8.279327085565078050e+02
8.509602151344394088e+02
8.746231728598496602e+02
8.989388523670072573e+02
9.239249798582015956e+02
9.495997484099633539e+02
9.759818295158599994e+02
1.003090384875038922e+03
1.030945078428230772e+03
1.059566088654960822e+03
1.088974121112662942e+03
1.119190421247178165e+03
1.150236787456444290e+03
1.182135584420028181e+03
1.214909756697227522e+03
1.248582842588074072e+03
1.283178988273356481e+03
1.318722962224664798e+03
1.355240169884094712e+03
1.392756668634012385e+03
1.431299183025513457e+03
1.470895120313302868e+03
1.511572586241120007e+03
1.553360401145565447e+03
1.596288116305100857e+03
1.640386030592539100e+03
1.685685207420158804e+03
1.732217491951241982e+03
1.780015528589625319e+03
1.829112778776349387e+03
1.879543539054939629e+03
1.931342959396202332e+03
1.984547061847888017e+03
2.039192759408122356e+03
2.095317875209231261e+03
2.152961161969001751e+03
2.212162321678825265e+03
2.272962025600195375e+03
2.335401934482008983e+03
2.399524719063913835e+03
2.465374080799161675e+03
2.532994772844374893e+03
2.602432621277158887e+03
2.673734546559376668e+03
2.746948585186648415e+03
2.822123911607510308e+03
2.899310860304536618e+03
2.978560948094783271e+03
3.059926896625695463e+03
3.143462655040215850e+03
3.229223422797205785e+03
3.317265672686559355e+03
3.407647173954097525e+03
3.500427015567477156e+03
3.595665629619298670e+03
3.693424814826220427e+03
3.793767760091535820e+03
3.896759068192961877e+03
4.002464779502459351e+03
4.110952395744627211e+03
4.222290903796145358e+03
4.336550799478814042e+03
4.453804111379546157e+03
4.574124424601093779e+03
4.697586904460272308e+03
4.824268320195513297e+03
4.954247068460722403e+03
5.087603196831633795e+03
5.224418427116219391e+03
5.364776178511643593e+03
5.508761590620605602e+03
5.656461546212657595e+03
5.807964693837121558e+03
5.963361470153451592e+03
6.122744121944118888e+03
6.286206727910529480e+03
6.453845220135568525e+03
6.625757405157597532e+03
6.802042984696241547e+03
6.982803576018475724e+03
7.168142731860189087e+03
7.358165959867565107e+03
7.552980741644565569e+03
7.752696551240352164e+03
7.957424873172602020e+03
8.167279219863591607e+03
8.382375148523418829e+03
8.602830277443037630e+03
8.828764301710127256e+03
9.060299008232086635e+03
9.297558290121636674e+03
9.540668160429891941e+03
9.789756765118299882e+03
1.004495439542081476e+04
1.030639349933887752e+04
1.057420869243152629e+04
1.084853676787295626e+04
1.112951670571422801e+04
1.141728968125976462e+04
1.171199907266526316e+04
1.201379046786834624e+04
1.232281167031470432e+04
1.263921270430554432e+04
1.296314581900564190e+04
1.329476549205486845e+04
1.363422843183487203e+04
1.398169357937160930e+04
1.433732210891216528e+04
1.470127742789755212e+04
1.507372517603834604e+04
1.545483322338838843e+04
1.584477166770323493e+04
1.624371283088210475e+04
1.665183125460927113e+04
1.706930369501650785e+04
1.749630911673384253e+04
1.793302868596305416e+04
1.837964576288688113e+04
1.883634589310255251e+04
1.930331679861439989e+04
1.978074836772884737e+04
2.026883264448570844e+04
2.076776381733917879e+04
2.127773820707094274e+04
2.179895425422229891e+04
2.233161250573593861e+04
2.287591560120932627e+04
2.343206825830812159e+04
2.400027725798902975e+04
2.458075142900237188e+04
2.517370163184880948e+04
2.577934074267939650e+04
2.639788363633449262e+04
2.702954716937707781e+04
2.767455016256801900e+04
2.833311338305987374e+04
2.900545952660748662e+04
2.969181319909123704e+04
3.039240089824864481e+04
3.110745099492202280e+04
3.183719371449696700e+04
3.258186111790092400e+04
3.334168708291692019e+04
3.411690728508056782e+04
3.490775917887587275e+04
3.571448197882332170e+04
3.653731664055585134e+04
3.737650584227309446e+04
3.823229396581462788e+04
3.910492707856714696e+04
3.999465291473219986e+04
4.090172085743816569e+04
4.182638192080119916e+04
4.276888873215436615e+04
4.372949551460052317e+04
4.470845806983194780e+04
4.570603376124239730e+04
4.672248149741061206e+04
4.775806171545838151e+04
4.881303636547117640e+04
4.988766889463604457e+04
5.098222423184713261e+04
5.209696877275224688e+04
5.323217036506310978e+04
5.438809829433172854e+04
5.556502326959163474e+04
5.676321741015202133e+04
5.798295423196074989e+04
5.922450863455933722e+04
6.048815688867500285e+04
6.177417662327389553e+04
6.308284681387268211e+04
6.441444777053690632e+04
6.576926112629919953e+04
6.714756982578367752e+04
6.854965811399868107e+04
6.997581152567414392e+04
7.142631687415369379e+04
7.290146224135631928e+04
7.440153696651139762e+04
7.592683163679092831e+04
7.747763807617661951e+04
7.905424933618033538e+04
8.065695968464131874e+04
8.228606459650493343e+04
8.394186074317395105e+04
8.562464598218051833e+04
8.733471934751507069e+04
8.907238103825270082e+04
9.083793240827761474e+04
9.263167595595191233e+04
9.445391531223783386e+04
9.630495523039308318e+04
9.818510157330345828e+04
1.000946613024782273e+05
1.020339424649159046e+05
1.040032541814982251e+05
1.060029066328766930e+05
1.080332110461651027e+05
1.100944796810133994e+05
1.121870258148264984e+05
1.143111637280129653e+05
1.164672086867920443e+05
1.186554769285886287e+05
1.208762856430633256e+05
1.231299529555731133e+05
1.254167979080835212e+05
1.277371404393350385e+05
1.300913013649003406e+05
1.324796023567247612e+05
1.349023659200783295e+05
1.373599153716661967e+05
1.398525748150502041e+05
1.423806691163607757e+05
1.449445238787594426e+05
1.475444654151120922e+05
1.501808207204558421e+05
1.528539174430573185e+05
1.555640838547865860e+05
1.583116488196105347e+05
1.610969417618449661e+05
1.639202926326431916e+05
1.667820318746021949e+05
1.696824903880713682e+05
1.726219994926052750e+05
1.756008908892970649e+05
1.786194966214357119e+05
1.816781490347066429e+05
1.847771807347350405e+05
1.879169245433708711e+05
1.910977134557971731e+05
1.943198805950218812e+05
1.975837591631391260e+05
2.008896823952434352e+05
2.042379835103108198e+05
2.076289956588015193e+05
2.110630518718668318e+05
2.145404850090476684e+05
2.180616277026678436e+05
2.216268123035712342e+05
2.252363708230568445e+05
2.288906348757754895e+05
2.325899356211942213e+05
2.363346037015079928e+05
2.401249691814804391e+05
2.439613614862987888e+05
2.478441093361411185e+05
2.517735406833722955e+05
2.557499826450998953e+05
2.597737614360479638e+05
2.638452023021462956e+05
2.679646294507250423e+05
2.721323659805366769e+05
2.763487338096519234e+05
2.806140536064527696e+05
2.849286447141350363e+05
2.892928250786539866e+05
2.937069111738812062e+05
2.981712179272036883e+05
3.026860586414911086e+05
3.072517449214317021e+05
3.118685865939715295e+05
3.165368916309970664e+05
3.212569660712592886e+05
3.260291139407636365e+05
3.308536371725804638e+05
3.357308355284098652e+05
3.406610065154797048e+05
3.456444453076710925e+05
3.506814446640233509e+05
3.557722948455451988e+05
3.609172835336718708e+05
3.661166957493944210e+05
3.713708137688873103e+05
3.766799170430775266e+05
3.820442821130308439e+05
3.874641825262056082e+05
3.929398887580533046e+05
3.984716681248706882e+05
4.040597847026593518e+05
4.097044992433157749e+05
4.154060690948591800e+05
4.211647481164466590e+05
4.269807865965022938e+05
4.328544311727803433e+05
4.387859247480494669e+05
4.447755064114745473e+05
4.508234113548809546e+05
4.569298707964982605e+05
4.630951118960276362e+05
4.693193576797394780e+05
4.756028269597308827e+05
4.819457342544318526e+05
4.883482897136703832e+05
4.948106990391881554e+05
5.013331634114144836e+05
5.079158794102752581e+05
5.145590389441743027e+05
5.212628291740815621e+05
5.280274324403463397e+05
5.348530261932169087e+05
5.417397829182713758e+05
5.486878700687825913e+05
5.556974499972036574e+05
5.627686798833732028e+05
5.699017116716252640e+05
5.770966920034560608e+05
5.843537621520989342e+05
5.916730579593015136e+05
5.990547097735578427e+05
6.064988423896327149e+05
6.140055749858845957e+05
6.215750210685819620e+05
6.292072884131309111e+05
6.369024790086725261e+05
6.446606890032013180e+05
6.524820086478629382e+05
6.603665222510708263e+05
6.683143081213143887e+05
6.763254385209911270e+05
6.843999796178650577e+05
6.925379914407184115e+05
7.007395278310913127e+05
7.090046364010178950e+05
7.173333584927675547e+05
7.257257291329829022e+05
7.341817769987493521e+05
7.427015243795907591e+05
7.512849871336392825e+05
7.599321746592005948e+05
7.686430898629174335e+05
7.774177291177068837e+05
7.862560822406191146e+05
7.951581324594258331e+05
8.041238563808494946e+05
8.131532239690668648e+05
8.222461985159099568e+05
8.314027366157238139e+05
8.406227881455851020e+05
8.499062962311860174e+05
8.592531972407539142e+05
8.686634207521788776e+05
8.781368895362889161e+05
8.876735195400991943e+05
8.972732198645219905e+05
9.069358927496881224e+05
9.166614335579904728e+05
9.264497307543521747e+05
9.363006658952278085e+05
9.462141136105260812e+05
9.561899415831912775e+05
9.662280105470739072e+05
9.763281742606995394e+05
9.864902794960802421e+05
9.967141660237632459e+05
1.006999666601414559e+06
1.017346606954152696e+06
1.027754805758930044e+06
1.038224074630641728e+06
1.048754218107505236e+06
1.059345033625851851e+06
1.069996311513371067e+06
1.080707834956641775e+06
1.091479379992712522e+06
1.102310715477219783e+06
1.113201603072378552e+06
1.124151797208365286e+06
1.135161045071815606e+06
1.146229086565553676e+06
1.157355654287250713e+06
1.168540473490211181e+06
1.179783262052246369e+06
1.191083730436367914e+06
1.202441581654691370e+06
1.213856511222701985e+06
1.225328207109796349e+06
1.236856349700388964e+06
1.248440611731010024e+06
1.260080658243237529e+06
1.271776146513022482e+06
1.283526725999888033e+06
1.295332038272817153e+06
1.307191716932565439e+06
1.319105387544634053e+06
1.331072667556274915e+06
1.343093166201051790e+06
1.355166484421836212e+06
1.367292214756206376e+06
1.379469941252168035e+06
1.391699239345262991e+06
1.403979675752515206e+06
1.416310808341753203e+06
1.428692186017943081e+06
1.441123348574328702e+06
1.453603826566060772e+06
1.466133141142488923e+06
1.478710803905548062e+06
1.491336316741776187e+06
1.504009171646110248e+06
1.516728850537116174e+06
1.529494825084253680e+06
1.542306556482956046e+06
1.555163495264441706e+06
1.568065081074778922e+06
1.581010742440372473e+06
1.593999896531899925e+06
1.607031948909384198e+06
1.620106293273240793e+06
1.633222311179789947e+06
1.646379371759407222e+06
1.659576831416533794e+06
1.672814033534065355e+06
1.686090308121523587e+06
1.699404971508893417e+06
1.712757325973742874e+06
1.726146659378454555e+06
1.739572244799429085e+06
1.753033340117609128e+06
1.766529187598963035e+06
1.780059013489010045e+06
1.793622027531095780e+06
1.807217422524112510e+06
1.820844373828341253e+06
1.834502038853192469e+06
1.848189556536299177e+06
1.861906046798967058e+06
1.875650609977266751e+06
1.889422326213689055e+06
1.903220254868716002e+06
1.917043433845806634e+06
1.930890878963654162e+06
1.944761583225286566e+06
1.958654516119134845e+06
1.972568622870987281e+06
1.986502823644091375e+06
2.000456012745915912e+06
2.014427057780782226e+06
2.028414798757938435e+06
2.042418047199155437e+06
2.056435585166265490e+06
2.070466164289268199e+06
2.084508504721325357e+06
2.098561294074180070e+06
2.112623186296982225e+06
2.126692800516055431e+06
2.140768719825782347e+06
2.154849490017764270e+06
2.168933618274790235e+06
2.183019571790686809e+06
2.197105776350692846e+06
2.211190614836681634e+06
2.225272425663918257e+06
2.239349501177179627e+06
2.253420085949100554e+06
2.267482375002657529e+06
2.281534511987508275e+06
2.295574587239129003e+06
2.309600635756158270e+06
2.323610635126179550e+06
2.337602503282363527e+06
2.351574096241787542e+06
2.365523205669857096e+06
2.379447556361632422e+06
2.393344803613687865e+06
2.407212530435423367e+06
2.421048244672361761e+06
2.434849375945239794e+06
2.448613272470391821e+06
2.462337197706809733e+06
2.476018326845477335e+06
2.489653743102470413e+06
2.503240433858580422e+06
2.516775286556622013e+06
2.530255084410398733e+06
2.543676501897178125e+06
2.557036099980008323e+06
2.570330321092161350e+06
2.583555483857149258e+06
2.596707777487827931e+06
2.609783255902385805e+06
2.622777831504540984e+06
2.635687268588653300e+06
2.648507176379672252e+06
2.661233001688667573e+06
2.673860021074581891e+06
2.686383332598376088e+06
2.698797847055334598e+06
2.711098278648699634e+06
2.723279135108231101e+06
2.735334707188762259e+06
2.747259057476797607e+06
2.759046008499104995e+06
2.770689130022375844e+06
2.782181725538382772e+06
2.793516817818561103e+06
2.804687133497937117e+06
2.815685086574768648e+06
2.826502760743992869e+06
2.837131890513201244e+06
2.847563840902711265e+06
2.857789585657922551e+06
2.867799683893189300e+06
2.877584254876277409e+06
2.887132950946169905e+06
2.896434928286899347e+06
2.905478815361978486e+06
2.914252678811375517e+06
2.922743986580163240e+06
2.930939567890622653e+06
2.938825569905379787e+06
2.946387410558153410e+06
2.953609727289261762e+06
2.960476321154237259e+06
2.966970095859621651e+06
2.973072991097893566e+06
2.978765909565709997e+06
2.984028636975296307e+06
2.988839754090771079e+06
2.993176540012263227e+06
2.997014865476153791e+06
3.000329074961568229e+06
3.003091856203887612e+06
3.005274095392167103e+06
3.006844716186895501e+06
3.007770500253510661e+06
3.008015886807006784e+06
3.007542748055091128e+06
3.006310137006143574e+06
3.004274003479623236e+06
3.001386873328882270e+06
2.997597485029527918e+06
2.992850376641446725e+06
2.987085414769497700e+06
2.980237255402842537e+06
2.972234724596156273e+06
2.963000104006084148e+06
2.952448303444522899e+06
2.940485898000833113e+06
2.927010002473648638e+06
2.911906948694937862e+06
2.895050722994629759e+06
2.876301109424305148e+06
2.855501469662378542e+06
2.832476070716837421e+06
2.807026845049850177e+06
2.778929431934587192e+06
2.747928299545927439e+06
2.713730678851388860e+06
2.675998943810085766e+06
2.634340933963365387e+06
2.588297513680319302e+06
2.537326362635205500e+06
2.480780537073951215e+06
2.417879634928528685e+06
2.347670270923894364e+06
2.268970716827005614e+06
2.180291416646982543e+06
2.079717529600178124e+06
1.964729381494331872e+06
1.831916672302847728e+06
1.676500629561086418e+06
1.491484569960270310e+06
1.266020448119763751e+06
9.819200738584143110e+05
6.050089755334282527e+05
5.811600281727375841e+04
-9.094755283430083655e+05
nan
nan
nan
nan
nan
nan
nan
nan
nan
nan
nan
nan
nan
nan
nan
nan
nan
nan
nan
nan
nan
nan
nan
nan
nan
nan
nan
nan
nan
nan
nan
nan
nan
nan
nan
nan
nan
nan
nan
nan
nan
nan
nan
nan
nan
nan
nan
nan
nan
nan
nan
nan
nan
nan
nan
nan
nan
nan
nan
nan
nan
nan
nan
nan
nan
nan
nan
nan
nan
nan
nan
nan
nan
nan
nan
nan
nan
nan
nan
nan
nan
nan
nan
nan
nan
nan
nan
nan
nan
nan
nan
nan
nan
nan
nan
nan
nan
nan
nan
nan
nan
nan
nan
nan
nan
nan
nan
nan
nan
nan
nan
nan
nan
nan
nan
nan
nan
nan
nan
nan
nan
nan
nan
nan
nan
nan
nan
nan
nan
nan
nan
nan
nan
nan
nan
nan
nan
nan
nan
nan
nan
nan
nan
nan
nan
nan
nan
nan
nan
nan
nan
nan
nan
nan
nan
nan
nan
nan
nan
