1.110617120621232856e-01
1.141764042281630809e-01
1.173784468446951723e-01
1.206702893933283421e-01
1.240544508377941502e-01
1.275335197923250230e-01
1.311101582649466524e-01
1.347871019341779775e-01
1.385671645023814069e-01
1.424532373418656017e-01
1.464482939638296899e-01
1.505553902858995929e-01
1.547776689835040076e-01
1.591183596260759281e-01
1.635807834237462122e-01
1.681683542446442692e-01
1.728845817446133803e-01
1.777330742978935896e-01
1.827175407520853501e-01
1.878417947816854450e-01
1.931097565394404858e-01
1.985254561695311004e-01
2.040930368885415513e-01
2.098167584043359457e-01
2.157009994241401996e-01
2.217502615117385445e-01
2.279691727809871615e-01
2.343624906803240260e-01
2.409351066485348469e-01
2.476920490964906185e-01
2.546384870039668513e-01
2.617797346334438391e-01
2.691212555976664200e-01
2.766686665338249362e-01
2.844277411548710166e-01
2.924044154207534607e-01
3.006047920810931973e-01
3.090351445914152895e-01
3.177019224177342060e-01
3.266117559723856756e-01
3.357714616894272863e-01
3.451880469852161015e-01
3.548687158813325637e-01
3.648208742541794170e-01
3.750521362715935059e-01
3.855703286967051557e-01
3.963834986507510649e-01
4.074999182531735542e-01
4.189280919618597609e-01
4.306767630851507933e-01
4.427549192087907870e-01
4.551718008374673330e-01
4.679369069585189722e-01
4.810600033161590017e-01
4.945511293834217725e-01
5.084206065458418689e-01
5.226790449954969997e-01
5.373373531071228282e-01
5.524067445323075365e-01
5.678987477801477057e-01
5.838252147933046254e-01
6.001983292639661016e-01
6.170306174625234119e-01
6.343349563159871307e-01
6.521245837666036493e-01
6.704131094031673399e-01
6.892145243746712335e-01
7.085432118414890512e-01
7.284139587418900774e-01
7.488419663475118782e-01
7.698428626563581512e-01
7.914327133402889736e-01
8.136280347949809144e-01
8.364458072837639424e-01
8.599034861672045782e-01
8.840190167706734048e-01
9.088108476134179048e-01
9.342979450299790933e-01
9.604998064212378894e-01
9.874364764346018619e-01
1.015128561545987518e+00
1.043597246329526440e+00
1.072864309673813743e+00
1.102952140175863738e+00
1.133883755298493057e+00
1.165682817715822495e+00
1.198373653167850605e+00
1.231981270334772116e+00
1.266531378208019643e+00
1.302050407523874131e+00
1.338565529975805468e+00
1.376104678757676281e+00
1.414696571192286090e+00
1.454370728937722790e+00
1.495157502089761170e+00
1.537088091644843946e+00
1.580194573369389177e+00
1.624509922593838418e+00
1.670068039188914222e+00
1.716903774005481331e+00
1.765052954778072225e+00
1.814552413537221964e+00
1.865440015795049034e+00
1.917754688500652227e+00
1.971536450077957303e+00
2.026826441035220583e+00
2.083666955436934032e+00
2.142101473764261854e+00
2.202174694661561460e+00
2.263932571145906181e+00
2.327422344246222075e+00
2.392692579390177876e+00
2.459793204058014826e+00
2.528775545466309893e+00
2.599692370337893799e+00
2.672597924242106959e+00
2.747547974354989098e+00
2.824599850850833427e+00
2.903812492005479751e+00
2.985246487766858081e+00
3.068964127858698543e+00
3.155029447645242069e+00
3.243508277871755663e+00
3.334468295759482448e+00
3.427979075244873997e+00
3.524112140694741768e+00
3.622941022857748106e+00
3.724541312572502871e+00
3.828990721087567550e+00
3.936369137716321465e+00
4.046758691689107401e+00
4.160243814679936314e+00
4.276911305125392637e+00
4.396850395331584949e+00
4.520152818691894225e+00
4.646912880575198912e+00
4.777227529912664750e+00
4.911196433315227594e+00
5.048922051762311902e+00
5.190509717920726018e+00
5.336067717410357680e+00
5.485707371575379909e+00
5.639543121812171655e+00
5.797692617542590021e+00
5.960276806378309367e+00
6.127420025802697623e+00
6.299250098180464441e+00
6.475898429707217296e+00
6.657500108795208149e+00
6.844194010309924359e+00
7.036122902181791261e+00
7.233433553222819334e+00
7.436276846016552255e+00
7.644807891677684708e+00
7.859186149104900210e+00
8.079575545772678780e+00
8.306144602951583522e+00
8.539066565425596167e+00
8.778519532296620298e+00
9.024686594264315076e+00
9.277755972422621511e+00
9.537921162505282879e+00
9.805381082118794112e+00
1.008034022287124465e+01
1.036300880674337321e+01
1.065360294556537291e+01
1.095234480648756303e+01
1.125946278181240245e+01
1.157519166280712497e+01
1.189977281837996692e+01
1.223345438054089307e+01
1.257649143196904795e+01
1.292914620214680355e+01
1.329168826591354424e+01
1.366439475036514395e+01
1.404755054498346922e+01
1.444144851942881758e+01
1.484638974714159865e+01
1.526268373341881635e+01
1.569064865367319150e+01
1.613061159323683924e+01
1.658290879847262289e+01
1.704788593230878391e+01
1.752589833769565075e+01
1.801731130838430062e+01
1.852250036627462393e+01
1.904185154876112307e+01
1.957576170206073130e+01
2.012463878322446931e+01
2.068890217007746912e+01
2.126898298256201514e+01
2.186532440797418175e+01
2.247838204034033538e+01
2.310862422669055150e+01
2.375653242247102170e+01
2.442260155788332199e+01
2.510734041568012032e+01
2.581127201590146214e+01
2.653493401515722994e+01
2.727887911444832980e+01
2.804367547935458660e+01
2.882990717166298822e+01
2.963817459298634560e+01
3.046909494168869870e+01
3.132330267978046479e+01
3.220145001601947143e+01
3.310420740070791368e+01
3.403226403412578804e+01
3.498632838922741684e+01
3.596712875016888233e+01
3.697541376344836550e+01
3.801195300535768951e+01
3.907753756665135114e+01
4.017298065077649483e+01
4.129911819061268119e+01
4.245680948099221297e+01
4.364693783001477101e+01
4.487041122744434318e+01
4.612816303128071382e+01
4.742115267466606809e+01
4.875036639130683369e+01
5.011681796048454629e+01
5.152154947446783240e+01
5.296563212441464685e+01
5.445016701057486586e+01
5.597628597345376988e+01
5.754515244775512173e+01
5.915796234022697320e+01
6.081594493217696140e+01
6.252036380540911864e+01
6.427251779553090216e+01
6.607374196919222697e+01
6.792540863073654123e+01
6.982892835377819551e+01
7.178575104323255118e+01
7.379736702583326746e+01
7.586530817006452310e+01
7.799114903688122524e+01
8.017650806220319737e+01
8.242304877239776317e+01
8.473248103148915789e+01
8.710656232334932270e+01
8.954709906883599047e+01
9.205594797919714267e+01
9.463501744492762668e+01
9.728626896495410392e+01
1.000117186122457724e+02
1.028134385402159126e+02
1.056935585307999190e+02
1.086542675836426781e+02
1.116978155485973474e+02
1.148265148024366056e+02
1.180427419718144648e+02
1.213489397010254436e+02
1.247476184695937178e+02
1.282413584576659389e+02
1.318328114621393752e+02
1.355247028643783551e+02
1.393198336511354682e+02
1.432210824893549841e+02
1.472314078574513587e+02
1.513538502322656711e+02
1.555915343377598958e+02
1.599476714493178520e+02
1.644255617650562442e+02
1.690285968353912267e+02
1.737602620617713569e+02
1.786241392578406533e+02
1.836239092824801276e+02
1.887633547416408248e+02
1.940463627593947820e+02
1.994769278266880406e+02
2.050591547225533873e+02
2.107972615130400698e+02
2.166955826290181051e+02
2.227585720284339175e+02
2.289908064349693007e+02
2.353969886684313053e+02
2.419819510579722532e+02
2.487506589486700932e+02
2.557082142940183758e+02
2.628598593488868005e+02
2.702109804529528105e+02
2.777671119146444880e+02
2.855339399975629249e+02
2.935173070058762619e+02
3.017232154790003165e+02
3.101578324928487973e+02
3.188274940700525804e+02
3.277387097074754365e+02
3.368981670145973339e+02
3.463127364730501654e+02
3.559894763193178733e+02
3.659356375443518345e+02
3.761586690306951937e+02
3.866662228059904578e+02
3.974661594435087864e+02
4.085665535855833355e+02
4.199756996107772125e+02
4.317021174467911919e+02
4.437545585185622485e+02
4.561420118539313080e+02
4.688737103298078068e+02
4.819591370837715658e+02
4.954080320740354750e+02
5.092303988039771525e+02
5.234365112092103800e+02
5.380369207132857809e+02
5.530424634547946425e+02
5.684642676843394611e+02
5.843137613430520787e+02
6.006026798230985833e+02
6.173430739067214290e+02
6.345473178991892382e+02
6.522281179508457853e+02
6.703985205744111227e+02
6.890719213628376565e+02
7.082620739026322099e+02
7.279830989057144279e+02
7.482494935345488329e+02
7.690761409537909685e+02
7.904783200940547658e+02
8.124717156290319053e+02
8.350724281864564773e+02
8.582969847818831113e+02
8.821623494798469665e+02
9.066859342934739061e+02
9.318856103196073946e+02
9.577797191154907068e+02
9.843870843151265717e+02
1.011727023501415374e+03
1.039819360317856081e+03
1.068684436844460151e+03
1.098343126222612455e+03
1.128816845539911128e+03
1.160127568978821728e+03
1.192297841232966221e+03
1.225350791183560432e+03
1.259310145851643938e+03
1.294200244611885637e+03
1.330046053703885718e+03
1.366873180984005103e+03
1.404707890991840259e+03
1.443577120266847260e+03
1.483508492957900671e+03
1.524530336717452201e+03
1.566671698870544105e+03
1.609962362872079439e+03
1.654432865045908557e+03
1.700114511604453128e+03
1.747039395955087912e+03
1.795240416293730277e+03
1.844751293470455721e+03
1.895606589139315702e+03
1.947841724197284066e+03
2.001492997488964193e+03
2.056597604790929836e+03
2.113193658066507851e+03
2.171320204996891789e+03
2.231017248774180644e+03
2.292325768157877974e+03
2.355287737780507996e+03
2.419946148723040096e+03
2.486345029330164834e+03
2.554529466269811564e+03
2.624545625806357748e+03
2.696440775356304584e+03
2.770263305197917362e+03
2.846062750456388585e+03
2.923889813250309999e+03
3.003796385051061407e+03
3.085835569230765032e+03
3.170061703790325737e+03
3.256530384224780846e+03
3.345298486593912457e+03
3.436424190660534805e+03
3.529967003253073472e+03
3.625987781644435472e+03
3.724548757095921246e+03
3.825713558482658300e+03
3.929547235950284630e+03
4.036116284681110301e+03
4.145488668654864341e+03
4.257733844450107426e+03
4.372922785048391233e+03
4.491128003629228260e+03
4.612423577316464616e+03
4.736885170876902521e+03
4.864590060355573769e+03
4.995617156579594848e+03
5.130047028635695824e+03
5.267961927058066976e+03
5.409445807045360198e+03
5.554584351315179447e+03
5.703464992868072841e+03
5.856176937496852588e+03
6.012811186025386633e+03
6.173460556242910570e+03
6.338219704647653089e+03
6.507185147697142384e+03
6.680455282866217203e+03
6.858130409244555267e+03
7.040312747701997978e+03
7.227106460758687717e+03
7.418617671839527247e+03
7.614954484136439532e+03
7.816226999051300481e+03
8.022547333915716081e+03
8.234029639319602211e+03
8.450790115812473232e+03
8.672947030033643387e+03
8.900620730163087501e+03
9.133933660764942033e+03
9.373010377000813605e+03
9.617977558107349978e+03
9.868964020188668655e+03
1.012610072826239048e+04
1.038952080758529519e+04
1.065935955424174244e+04
1.093575444486208835e+04
1.121884514569423482e+04
1.150877352069700646e+04
1.180568363896660230e+04
1.210972178118609008e+04
1.242103644539132983e+04
1.273977835178939858e+04
1.306610044668297633e+04
1.340015790563757400e+04
1.374210813567771038e+04
1.409211077670971645e+04
1.445032770194478871e+04
1.481692301766019409e+04
1.519206306177356419e+04
1.557591640196369008e+04
1.596865383245607336e+04
1.637044837041385472e+04
1.678147525118025078e+04
1.720191192277596565e+04
1.763193803964808467e+04
1.807173545552664291e+04
1.852148821549538843e+04
1.898138254734556540e+04
1.945160685218760409e+04
1.993235169415160635e+04
2.042380978974021127e+04
2.092617599607518787e+04
2.143964729871279269e+04
2.196442279897733897e+04
2.250070370017717141e+04
2.304869329391117935e+04
2.360859694526584644e+04
2.418062207774269700e+04
2.476497815773643015e+04
2.536187667836829496e+04
2.597153114313117840e+04
2.659415704892784561e+04
2.722997186900501038e+04
2.787919503519490172e+04
2.854204792021184403e+04
2.921875381954377372e+04
2.990953793321342164e+04
3.061462734720178196e+04
3.133425101475930569e+04
3.206863973779471416e+04
3.281802614797402930e+04
3.358264468763019977e+04
3.436273159115781891e+04
3.515852486594168295e+04
3.597026427342140232e+04
3.679819131030550489e+04
3.764254919004924886e+04
3.850358282402619807e+04
3.938153880321717588e+04
4.027666537979666464e+04
4.118921244937645679e+04
4.211943153280165279e+04
4.306757575865422405e+04
4.403389984596858994e+04
4.501866008698631049e+04
4.602211433051349013e+04
4.704452196528442437e+04
4.808614390360776451e+04
4.914724256577929918e+04
5.022808186437951372e+04
5.132892718898377643e+04
5.245004539122598362e+04
5.359170477023707645e+04
5.475417505871194589e+04
5.593772740854571020e+04
5.714263437758650980e+04
5.836916991610577679e+04
5.961760935414737469e+04
6.088822938882356539e+04
6.218130807192153588e+04
6.349712479797080596e+04
6.483596029204141087e+04
6.619809659910095797e+04
6.758381707189137524e+04
6.899340636036168144e+04
7.042715040032925026e+04
7.188533640338947589e+04
7.336825284611710231e+04
7.487618945937984972e+04
7.640943721862220264e+04
7.796828833295000368e+04
7.955303623567790783e+04
8.116397557377222984e+04
8.280140219741374312e+04
8.446561315064088558e+04
8.615690665997042379e+04
8.787558212545125571e+04
8.962194010846663150e+04
9.139628232253235183e+04
9.319891162147741124e+04
9.503013198900445423e+04
9.689024852649457171e+04
9.877956744225333387e+04
1.006983960389305430e+05
1.026470427009282430e+05
1.046258168822327862e+05
1.066350290923602151e+05
1.086749908831253124e+05
1.107460148346437345e+05
1.128484145396692184e+05
1.149825045888570166e+05
1.171486005540820915e+05
1.193470189729019912e+05
1.215780773298105923e+05
1.238420940390038741e+05
1.261393884249466937e+05
1.284702807032932324e+05
1.308350919599907065e+05
1.332341441301319865e+05
1.356677599755750271e+05
1.381362630614264635e+05
1.406399777332122321e+05
1.431792290903700050e+05
1.457543429607409926e+05
1.483656458741436363e+05
1.510134650332233286e+05
1.536981282842676737e+05
1.564199640883387183e+05
1.591793014881288982e+05
1.619764700763057917e+05
1.648117999617405876e+05
1.676856217342839518e+05
1.705982664294710557e+05
1.735500654900645604e+05
1.765413507287585235e+05
1.795724542882523965e+05
1.826437085997007671e+05
1.857554463412159239e+05
1.889080003937150177e+05
1.921017037974734558e+05
1.953368897051538806e+05
1.986138913343815075e+05
2.019330419209142565e+05
2.052946746671932633e+05
2.086991226922304486e+05
2.121467189795991289e+05
2.156377963231282774e+05
2.191726872735318611e+05
2.227517240808805800e+05
2.263752386393899214e+05
2.300435624271031120e+05
2.337570264481120103e+05
2.375159611710660392e+05
2.413206964669482259e+05
2.451715615472208010e+05
2.490688848988095415e+05
2.530129942197951314e+05
2.570042163518610760e+05
2.610428772142938687e+05
2.651293017356492346e+05
2.692638137834061636e+05
2.734467360942530795e+05
2.776783902035488863e+05
2.819590963718879502e+05
2.862891735139500815e+05
2.906689391229973407e+05
2.950987091967070010e+05
2.995787981620596838e+05
3.041095187991232378e+05
3.086911821640749113e+05
3.133240975123777171e+05
3.180085722184218466e+05
3.227449117005073931e+05
3.275334193371593137e+05
3.323743963915356435e+05
3.372681419277763343e+05
3.422149527320133056e+05
3.472151232308840263e+05
3.522689454102599411e+05
3.573767087327626650e+05
3.625387000561797759e+05
3.677552035513376468e+05
3.730265006190091954e+05
3.783528698076228029e+05
3.837345867308697198e+05
3.891719239837036002e+05
3.946651510618394241e+05
4.002145342757433536e+05
4.058203366710381815e+05
4.114828179418243235e+05
4.172022343546432676e+05
4.229788386577055790e+05
4.288128800078377826e+05
4.347046038814179483e+05
4.406542519962152001e+05
4.466620622315268265e+05
4.527282685427996330e+05
4.588531008868885110e+05
4.650367851390862488e+05
4.712795430151950568e+05
4.775815919899855508e+05
4.839431452257786877e+05
4.903644114865164738e+05
4.968455950674162596e+05
5.033868957179647987e+05
5.099885085628956440e+05
5.166506240332662710e+05
5.233734277884162730e+05
5.301571006477968767e+05
5.370018185134404339e+05
5.439077523044901900e+05
5.508750678847903619e+05
5.579039259953821311e+05
5.649944821835474577e+05
5.721468867430366809e+05
5.793612846406419994e+05
5.866378154561382253e+05
5.939766133209391264e+05
6.013778068495031912e+05
6.088415190861516166e+05
6.163678674394211266e+05
6.239569636293463409e+05
6.316089136263137916e+05
6.393238175962764071e+05
6.471017698476888472e+05
6.549428587779757800e+05
6.628471668219466228e+05
6.708147704008939909e+05
6.788457398761338554e+05
6.869401394974755822e+05
6.950980273639267543e+05
7.033194553701931145e+05
7.116044691725013545e+05
7.199531081380671822e+05
7.283654053122567711e+05
7.368413873782837763e+05
7.453810746125017758e+05
7.539844808603813872e+05
7.626516134891110705e+05
7.713824733622993808e+05
7.801770548071865924e+05
7.890353455815385096e+05
7.979573268406038405e+05
8.069429731193969492e+05
8.159922522947537946e+05
8.251051255658487789e+05
8.342815474253895227e+05
8.435214656401766697e+05
8.528248212251232471e+05
8.621915484245376429e+05
8.716215746874993201e+05
8.811148206501462264e+05
8.906712001209441805e+05
9.002906200541800354e+05
9.099729805398875615e+05
9.197181747842055047e+05
9.295260890900831437e+05
9.393966028484639246e+05
9.493295885151057737e+05
9.593249116026230622e+05
9.693824306614928646e+05
9.795019972647861578e+05
9.896834559961257037e+05
9.999266444320676383e+05
1.010231393130806275e+06
1.020597525613250211e+06
1.031024858349031419e+06
1.041513200738375075e+06
1.052062355100644985e+06
1.062672116649158532e+06
1.073342273474962916e+06
1.084072606533990707e+06
1.094862889615461230e+06
1.105712889327460201e+06
1.116622365070401691e+06
1.127591069012095220e+06
1.138618746061140206e+06
1.149705133838115260e+06
1.160849962645347463e+06
1.172052955430594739e+06
1.183313827756950632e+06
1.194632287758527789e+06
1.206008036106992979e+06
1.217440765960515011e+06
1.228930162920884555e+06
1.240475904984439025e+06
1.252077662484952947e+06
1.263735098038290627e+06
1.275447866485483712e+06
1.287215614822590491e+06
1.299037982129189419e+06
1.310914599503060570e+06
1.322845089978198055e+06
1.334829068440350937e+06
1.346866141536223702e+06
1.358955907592230476e+06
1.371097956496119499e+06
1.383291869616350858e+06
1.395537219668732025e+06
1.407833570615854813e+06
1.420180477535980754e+06
1.432577486496700207e+06
1.445024134413408116e+06
1.457519948913425673e+06
1.470064448179799132e+06
1.482657140786857810e+06
1.495297525546312099e+06
1.507985091320218053e+06
1.520719316839531995e+06
1.533499670516347280e+06
1.546325610232575331e+06
1.559196583138673566e+06
1.572112025424158899e+06
1.585071362083539134e+06
1.598074006683569867e+06
1.611119361104906304e+06
1.624206815274837427e+06
1.637335746887553716e+06
1.650505521130945534e+06
1.663715490362527082e+06
1.676964993812476983e+06
1.690253357254725881e+06
1.703579892653530464e+06
1.716943897817533463e+06
1.730344656020535855e+06
1.743781435629535234e+06
1.757253489679643186e+06
1.770760055476508336e+06
1.784300354144586716e+06
1.797873590177320642e+06
1.811478950967938406e+06
1.825115606314449571e+06
1.838782707899352303e+06
1.852479388778421329e+06
1.866204762795643881e+06
1.879957924034086289e+06
1.893737946204161737e+06
1.907543882015193114e+06
1.921374762533612084e+06
1.935229596514985431e+06
1.949107369676285889e+06
1.963007044003223535e+06
1.976927556953313528e+06
1.990867820694061462e+06
2.004826721263288055e+06
2.018803117729451973e+06
2.032795841281742323e+06
2.046803694324751152e+06
2.060825449510928476e+06
2.074859848723798990e+06
2.088905602052219445e+06
2.102961386694026180e+06
2.117025845831621438e+06
2.131097587442069314e+06
2.145175183085380122e+06
2.159257166613692418e+06
2.173342032841795590e+06
2.187428236163941212e+06
2.201514189094274770e+06
2.215598260773417074e+06
2.229678775378102437e+06
2.243754010479268618e+06
2.257822195339819416e+06
2.271881509108862840e+06
2.285930078956533689e+06
2.299965978122164495e+06
2.313987223865512293e+06
2.327991775344486814e+06
2.341977531373859849e+06
2.355942328087737784e+06
2.369883936500568874e+06
2.383800059943310916e+06
2.397688331395642832e+06
2.411546310662649572e+06
2.425371481439867988e+06
2.439161248218533583e+06
2.452912933058070485e+06
2.466623772175972350e+06
2.480290912387462333e+06
2.493911407339062542e+06
2.507482213578775525e+06
2.521000186401469633e+06
2.534462075489786454e+06
2.547864520317367744e+06
2.561204045301644597e+06
2.574477054709271993e+06
2.587679827269780915e+06
2.600808510514265392e+06
2.613859114746627863e+06
2.626827506741629913e+06
2.639709403027261607e+06
2.652500362815901171e+06
2.665195780486084055e+06
2.677790877647790127e+06
2.690280694720626809e+06
2.702660081998120993e+06
2.714923690151760355e+06
2.727065960163747426e+06
2.739081112622486893e+06
2.750963136288153473e+06
2.762705775980677456e+06
2.774302519634970929e+06
2.785746584472137038e+06
2.797030902296069544e+06
2.808148103714151774e+06
2.819090501304693986e+06
2.829850071575978305e+06
2.840418435632813722e+06
2.850786838464812841e+06
2.860946126637717243e+06
2.870886724395935889e+06
2.880598607885893434e+06
2.890071277414426208e+06
2.899293727498882916e+06
2.908254414567647036e+06
2.916941221986056305e+06
2.925341422251401003e+06
2.933441635957201943e+06
2.941227787278976291e+06
2.948685055602974258e+06
2.955797822835531086e+06
2.962549616005575284e+06
2.968923044550280552e+06
2.974899731770474464e+06
2.980460239737650845e+06
2.985583986887681764e+06
2.990249157454852015e+06
2.994432601724160369e+06
2.998109725982836448e+06
3.001254370864890516e+06
3.003838676555658225e+06
3.005832933154528029e+06
3.007205414158607833e+06
3.007922190731954761e+06
3.007946924046469387e+06
3.007240632493474055e+06
3.005761430018989369e+06
3.003464231198986992e+06
3.000300417793885805e+06
2.996217460608881898e+06
2.991158489296018612e+06
2.985061801138690673e+06
2.977860298249038868e+06
2.969480840193646029e+06
2.959843496285136789e+06
2.948860678354754113e+06
2.936436130194727797e+06
2.922463744366530795e+06
2.906826169521673117e+06
2.889393162229040172e+06
2.870019624750356190e+06
2.848543254059125669e+06
2.824781705783138983e+06
2.798529147646963596e+06
2.769552037414310500e+06
2.737583905946752056e+06
2.702318849618028384e+06
2.663403328713458963e+06
2.620425712777782697e+06
2.572902786086930428e+06
2.520262085620543920e+06
2.461818423099833075e+06
2.396742127482282929e+06
2.324015232402633410e+06
2.242369656344591640e+06
2.150197681552263442e+06
2.045418337404584046e+06
1.925270711828982923e+06
1.785980210902444320e+06
1.622190589885442052e+06
1.425931431494441116e+06
1.184573322047186317e+06
8.762792714490520302e+05
4.580280508482456207e+05
-1.758757126244684914e+05
-1.450479259152270854e+06
nan
nan
nan
nan
nan
nan
nan
nan
nan
nan
nan
nan
nan
nan
nan
nan
nan
nan
nan
nan
nan
nan
nan
nan
nan
nan
nan
nan
nan
nan
nan
nan
nan
nan
nan
nan
nan
nan
nan
nan
nan
nan
nan
nan
nan
nan
nan
nan
nan
nan
nan
nan
nan
nan
nan
nan
nan
nan
nan
nan
nan
nan
nan
nan
nan
nan
nan
nan
nan
nan
nan
nan
nan
nan
nan
nan
nan
nan
nan
nan
nan
nan
nan
nan
nan
nan
nan
nan
nan
nan
nan
nan
nan
nan
nan
nan
nan
nan
nan
nan
nan
nan
nan
nan
nan
nan
nan
nan
nan
nan
