1.164491565367107077e-06
1.197088032751428486e-06
1.230762458894679093e-06
1.265352919546614063e-06
1.300716918023982739e-06
1.337239972149766258e-06
1.374831116248744309e-06
1.413425225969837704e-06
1.452979407160867913e-06
1.493735995543854879e-06
1.535708210737991322e-06
1.578687922346334239e-06
1.623001881876185606e-06
1.668499765359425606e-06
1.715317309739516212e-06
1.763370133617566322e-06
1.812855843399895322e-06
1.863506722075474510e-06
1.915840783496007422e-06
1.969660283419396496e-06
2.024801170571662835e-06
2.081643036669112776e-06
2.140099518990138956e-06
2.200123983931827913e-06
2.261711909113137116e-06
2.325150685281012427e-06
2.390271382674075979e-06
2.457451444246015872e-06
2.526354864070282799e-06
2.597203320388278701e-06
2.670010333473109361e-06
2.744841598287289733e-06
2.821811599254588104e-06
2.901090129409864987e-06
2.982395588670425421e-06
3.066008502606923759e-06
3.152011761336792424e-06
3.240294974888931753e-06
3.331317064605307365e-06
3.424584716827807243e-06
3.520680372316580652e-06
3.619495896425688445e-06
3.720989841773462552e-06
3.825444816987785029e-06
3.932706799000073107e-06
4.042950325243489986e-06
4.156172537742624196e-06
4.272950959819451101e-06
4.392686611668491237e-06
4.515867470698769344e-06
4.642562219661518847e-06
4.772673622068030600e-06
4.906448484001961998e-06
5.044223734497917134e-06
5.185672263010456658e-06
5.331072463615400180e-06
5.480547022280438190e-06
5.634320088828074251e-06
5.792220979180640972e-06
5.954688656619877625e-06
6.121769331590944619e-06
6.293372216645378726e-06
6.470028090881424954e-06
6.651379591333664640e-06
6.837952211380746368e-06
7.029641921830561889e-06
7.226723965800287944e-06
7.429364031349231724e-06
7.637861483226565540e-06
7.852156195068166238e-06
8.072333884005761812e-06
8.298631940267344641e-06
8.531441840642713684e-06
8.770560789397516266e-06
9.016702551750714332e-06
9.269492110580481321e-06
9.529479982241113439e-06
9.796646363325824016e-06
1.007139695760768824e-05
1.035382703455031254e-05
1.064422570195196216e-05
1.094282704156605498e-05
1.124956662761141718e-05
1.156509267886461009e-05
1.188951510971155417e-05
1.222291480298962884e-05
1.256559847172178608e-05
1.291810947626030603e-05
1.328047550788915879e-05
1.365272205419402424e-05
1.403563079351158178e-05
1.442924173113397407e-05
1.483411245351706126e-05
1.525007147206048976e-05
1.567773754733787613e-05
1.611751517966531427e-05
1.656935781917848562e-05
1.703402891181504669e-05
1.751185849076441418e-05
1.800299294478500310e-05
1.850792395502435139e-05
1.902672574093020912e-05
1.956033420895447245e-05
2.010904422819029358e-05
2.067302205309938106e-05
2.125281793753658202e-05
2.184887945947216101e-05
2.246155236306646361e-05
2.309135596065088809e-05
2.373898656636890469e-05
2.440482555368037111e-05
2.508921260994526395e-05
2.579269853239895649e-05
2.651606701588074105e-05
2.725983830563143915e-05
2.802428933777954655e-05
2.881021905628908258e-05
2.961820832567719103e-05
3.044888947248035736e-05
3.130270562371303733e-05
3.218068325466387275e-05
3.308319660987035364e-05
3.401097935964274841e-05
3.496489938500796910e-05
3.594546877653028436e-05
3.695337097802790940e-05
3.798972224425473717e-05
3.905509319187043077e-05
4.015052939053503054e-05
4.127656902618685606e-05
4.243401542094516111e-05
4.362421454565215987e-05
4.484756067784990464e-05
4.610529121690362577e-05
4.739823824755983286e-05
4.872762093076843452e-05
5.009405528577611834e-05
5.149909322613566273e-05
5.294323105678692824e-05
5.442795803615026819e-05
5.595451829440661971e-05
5.752368912829028484e-05
5.913707071611761992e-05
6.079535415736989708e-05
6.250036274478955670e-05
6.425332909606669190e-05
6.605516715870463356e-05
6.790778238877980628e-05
6.981207157404599462e-05
7.176999040874456964e-05
7.378281643531890688e-05
7.585194800203900068e-05
7.797919117366039141e-05
8.016604574327923201e-05
8.241450025224793816e-05
8.472556508668469281e-05
8.710183335385562723e-05
8.954449908845874765e-05
9.205567793747528049e-05
9.463743825308976534e-05
9.729160051694698804e-05
1.000200427937603375e-04
1.028249954133810521e-04
1.057088476682054967e-04
1.086734465729794364e-04
1.117211532899184748e-04
1.148541525486720537e-04
1.180752615090818964e-04
1.213867293944203977e-04
1.247908085093803524e-04
1.282905714168358115e-04
1.318884616112163009e-04
1.355873702773267321e-04
1.393897022918885872e-04
1.432989500097746327e-04
1.473177579850651212e-04
1.514492563118179948e-04
1.556963779614096825e-04
1.600629520188295873e-04
1.645517647518500936e-04
1.691666600614180659e-04
1.739108673912627043e-04
1.787880874056134374e-04
1.838020908875773033e-04
1.889568031958204256e-04
1.942561535029997720e-04
1.997039239042475091e-04
2.053045985976141151e-04
2.110622162288752247e-04
2.169814841848481007e-04
2.230666274763105569e-04
2.293222600331249535e-04
2.357537489236857396e-04
2.423653278915233688e-04
2.491622276228765316e-04
2.561500497119129907e-04
2.633336433131824904e-04
2.707187384978029278e-04
2.783108379167239989e-04
2.861161053603604606e-04
2.941400024299553519e-04
3.023889546457727575e-04
3.108694872758526644e-04
3.195876407461783119e-04
3.285503826405284647e-04
3.377642710699664953e-04
3.472368790025387865e-04
3.569749635323107699e-04
3.669861527490136596e-04
3.772781306752187895e-04
3.878588250993905977e-04
3.987361035034736535e-04
4.099184813244482356e-04
4.214143169137495840e-04
4.332327925045568540e-04
4.453826132914552984e-04
4.578729976484801679e-04
4.707139032378098950e-04
4.839147641155174982e-04
4.974859871796309934e-04
5.114377029020930870e-04
5.257807768222150582e-04
5.405260708987101289e-04
5.556847179565920468e-04
5.712686591351266805e-04
5.872896721438865091e-04
6.037599284468272770e-04
6.206920398234235837e-04
6.380988775772084140e-04
6.559938971223515641e-04
6.743909666607941344e-04
6.933039561065884723e-04
7.127470871856250506e-04
7.327358076024049647e-04
7.532848909960971132e-04
7.744103297937090591e-04
7.961282294302689504e-04
8.184549509268350311e-04
8.414080372069137432e-04
8.650048777287532324e-04
8.892634010793844940e-04
9.142020220804053477e-04
9.398401115228568678e-04
9.661974641827345868e-04
9.932937860942870137e-04
1.021149950950636003e-03
1.049787272263758139e-03
1.079227772403959463e-03
1.109493985546009844e-03
1.140608766754931669e-03
1.172596122460617960e-03
1.205480800521468001e-03
1.239287395036436880e-03
1.274042233730473747e-03
1.309771515667033318e-03
1.346502976215535564e-03
1.384264565203943611e-03
1.423084896741297345e-03
1.462993975214705753e-03
1.504022180297791928e-03
1.546201028625950654e-03
1.589562703094699308e-03
1.634140363308509217e-03
1.679968218292643943e-03
1.727081121088046376e-03
1.775515203442174427e-03
1.825307768071607589e-03
1.876496455800948917e-03
1.929120456951070829e-03
1.983220477960530043e-03
2.038837499339861501e-03
2.096014303506320980e-03
2.154794283367551886e-03
2.215222794349781896e-03
2.277345755695810679e-03
2.341211071392659306e-03
2.406867045937326460e-03
2.474364370680663845e-03
2.543754358086561338e-03
2.615090242908564826e-03
2.688426492516144892e-03
2.763819175187449007e-03
2.841326358484108638e-03
2.921006786727028005e-03
3.002921617297253654e-03
3.087133440508292755e-03
3.173706832932617940e-03
3.262707972311902540e-03
3.354204777321642770e-03
3.448267112433477111e-03
3.544967284065738810e-03
3.644379072544718171e-03
3.746578584167721548e-03
3.851643893581946365e-03
3.959655242422767049e-03
4.070695292691271436e-03
4.184849187597368229e-03
4.302203909072654930e-03
4.422849466204316002e-03
4.546877875902386595e-03
4.674384212142329922e-03
4.805465720132174462e-03
4.940223004088665701e-03
5.078758762971563590e-03
5.221179123767803569e-03
5.367593019719788666e-03
5.518112163382301108e-03
5.672851835022484773e-03
5.831930504531746169e-03
5.995469523197057525e-03
6.163593917352433796e-03
6.336432499544633438e-03
6.514117320864026145e-03
6.696783972709655433e-03
6.884572725102746336e-03
7.077626492319858548e-03
7.276093187226571890e-03
7.480124382281375280e-03
7.689876356489816836e-03
7.905509221271637965e-03
8.127187681001802819e-03
8.355081640312801358e-03
8.589364925284675642e-03
8.830216885889984740e-03
9.077821605164770533e-03
9.332367994485420495e-03
9.594051015555601220e-03
9.863070529817644441e-03
1.013963203589106007e-02
1.042394730522946088e-02
1.071623314745224348e-02
1.101671333557476679e-02
1.132561717263413058e-02
1.164318122901994608e-02
1.196964746806018776e-02
1.230526607048531250e-02
1.265029313891421689e-02
1.300499235402381194e-02
1.336963455446701574e-02
1.374449875192475766e-02
1.412987107345715400e-02
1.452604616607117323e-02
1.493332629152188153e-02
1.535202313305346691e-02
1.578245605393990489e-02
1.622495433786297001e-02
1.667985538904665638e-02
1.714750742783630044e-02
1.762826689795480781e-02
1.812250140426326095e-02
1.863058836317234984e-02
1.915291568169111974e-02
1.968988219631704825e-02
2.024189813181703074e-02
2.080938508837043219e-02
2.139277581324576169e-02
2.199251628555741467e-02
2.260906407313561725e-02
2.324288977862700931e-02
2.389447729580209540e-02
2.456432414168770173e-02
2.525294163413651857e-02
2.596085491231172465e-02
2.668860457351772755e-02
2.743674566721516703e-02
2.820584932476663531e-02
2.899650227822342732e-02
2.980930752268785150e-02
3.064488540163085029e-02
3.150387310008891106e-02
3.238692583317245161e-02
3.329471722691795810e-02
3.422793941492400377e-02
3.518730408966243284e-02
3.617354256138367863e-02
3.718740680114416414e-02
3.822966975285627123e-02
3.930112591858284793e-02
4.040259173665048525e-02
4.153490677185006641e-02
4.269893397484614966e-02
4.389555977245884061e-02
4.512569628266605709e-02
4.639028013000719847e-02
4.769027466727078501e-02
4.902666984610190570e-02
5.040048301498999128e-02
5.181276066802471825e-02
5.326457739367992245e-02
5.475703857852516621e-02
5.629127959318473012e-02
5.786846802606129825e-02
5.948980395429938339e-02
6.115652052525348548e-02
6.286988540479586385e-02
6.463120131693289583e-02
6.644180749486014448e-02
6.830308028756425232e-02
7.021643445696740260e-02
7.218332344418057489e-02
7.420524189247465485e-02
7.628372542079905894e-02
7.842035297298327601e-02
8.061674596844489726e-02
8.287457260456328190e-02
8.519554575795458551e-02
8.758142683718028731e-02
9.003402559033779617e-02
9.255520214026044523e-02
9.514686831013541291e-02
9.781098824211389986e-02
1.005495811409856388e-01
1.033647218729419198e-01
1.062585427612393191e-01
1.092332345801478866e-01
1.122910495694651595e-01
1.154343017323365417e-01
1.186653687265234874e-01
1.219866943970338569e-01
1.254007894815279689e-01
1.289102347988163588e-01
1.325176814543796433e-01
1.362258538776371375e-01
1.400375522461190236e-01
1.439556525507808549e-01
1.479831109450915894e-01
1.521229645927251184e-01
1.563783338686042801e-01
1.607524254831362298e-01
1.652485335345121875e-01
1.698700426141023789e-01
1.746204304953585251e-01
1.795032702143717074e-01
1.845222321288832179e-01
1.896810875211815128e-01
1.949837108014504106e-01
2.004340819037126464e-01
2.060362896790424447e-01
2.117945343860628271e-01
2.177131310860800362e-01
2.237965122829899400e-01
2.300492309026432591e-01
2.364759639136749525e-01
2.430815149785559570e-01
2.498708186748534454e-01
2.568489429185190631e-01
2.640210931465308275e-01
2.713926156652563537e-01
2.789690014355391545e-01
2.867558894753051701e-01
2.947590706868002952e-01
3.029844927460312309e-01
3.114382626408632726e-01
3.201266517451279436e-01
3.290560997919700359e-01
3.382332193689393529e-01
3.476647997923926203e-01
3.573578122819892622e-01
3.673194135045524389e-01
3.775569514549025341e-01
3.880779697345904111e-01
3.988902121668493339e-01
4.100016278863987118e-01
4.214203770577884534e-01
4.331548353622765579e-01
4.452135996899804771e-01
4.576054929206528898e-01
4.703395704971037317e-01
4.834251251798948879e-01
4.968716934348701431e-01
5.106890606219881557e-01
5.248872674483242573e-01
5.394766155847013911e-01
5.544676746801021627e-01
5.698712877448244285e-01
5.856985775252504522e-01
6.019609539522101649e-01
6.186701197984239009e-01
6.358380780429296886e-01
6.534771374385164311e-01
6.715999215310466397e-01
6.902193738236802600e-01
7.093487653953778338e-01
7.290017022100442334e-01
7.491921326354602506e-01
7.699343546558330420e-01
7.912430226552529255e-01
8.131331556833929497e-01
8.356201453764363629e-01
8.587197622012708864e-01
8.824481644809193392e-01
9.068219056371985554e-01
9.318579418325689812e-01
9.575736407528414595e-01
9.839867874604573128e-01
1.011115594646738725e+00
1.038978708858826039e+00
1.067595218604793450e+00
1.096984663261757031e+00
1.127167039069278731e+00
1.158162808759587881e+00
1.189992907573293568e+00
1.222678752007828606e+00
1.256242246828667808e+00
1.290705792391098727e+00
1.326092291965501380e+00
1.362425158717265328e+00
1.399728322664001379e+00
1.438026236356479748e+00
1.477343882910177486e+00
1.517706780545281298e+00
1.559140988659632798e+00
1.601673113908224533e+00
1.645330313850806414e+00
1.690140302864601152e+00
1.736131354724286258e+00
1.783332307177865506e+00
1.831772564115795365e+00
1.881482098511890966e+00
1.932491453041369933e+00
1.984831741390778337e+00
2.038534648048251796e+00
2.093632427523488992e+00
2.150157902227022966e+00
2.208144459038856589e+00
2.267626045433019932e+00
2.328637164680068317e+00
2.391212868316999973e+00
2.455388747558543194e+00
2.521200925344429855e+00
2.588686042577300839e+00
2.657881246859885138e+00
2.728824176677411728e+00
2.801552943740781565e+00
2.876106114885816467e+00
2.952522688741865853e+00
3.030842072709738044e+00
3.111104055686926273e+00
3.193348777710767195e+00
3.277616697978474658e+00
3.363948557793640770e+00
3.452385340638906008e+00
3.542968229392296386e+00
3.635738558492626282e+00
3.730737761844499900e+00
3.828007316495852130e+00
3.927588681881785337e+00
4.029523232716305969e+00
4.133852187518072263e+00
4.240616530592083322e+00
4.349856928241433884e+00
4.461613638129286130e+00
4.575926411382377879e+00
4.692834387715969058e+00
4.812375982560591403e+00
4.934588764314206344e+00
5.059509325419168313e+00
5.187173141960659706e+00
5.317614422366762739e+00
5.450865948215086298e+00
5.586958901457659721e+00
5.725922680029809086e+00
5.867784700893460048e+00
6.012570190202955800e+00
6.160301957743396173e+00
6.311000157206905214e+00
6.464682031184699085e+00
6.621361636045615562e+00
6.781049552527134594e+00
6.943752575968005658e+00
7.109473383905895005e+00
7.278210186700276196e+00
7.449956352500413104e+00
7.624700008706402521e+00
7.802423619916885045e+00
7.983103536893036534e+00
8.166709518948918500e+00
8.353204226710696290e+00
8.542542681614401445e+00
8.734671694430668154e+00
8.929529257591445557e+00
9.127043900014761846e+00
9.327134003924273387e+00
9.529707080475567693e+00
9.734659000132831252e+00
9.941873179385723347e+00
1.015121971806651580e+01
1.036255448467263918e+01
1.057571815003588256e+01
1.079053516239306632e+01
1.100681266294485283e+01
1.122433933946666329e+01
1.144288421263775390e+01
1.166219535249551242e+01
1.188199852157426051e+01
1.210199574042564663e+01
1.232186377165628599e+01
1.254125251762862803e+01
1.275978332819593319e+01
1.297704721365767710e+01
1.319260295775864478e+01
1.340597512363778421e+01
1.361665195219725888e+01
1.382408314310291964e+01
1.402767751195911572e+01
1.422680052195985034e+01
1.442077167847797625e+01
1.460886178439900718e+01
1.479029004412115356e+01
1.496422101334171728e+01
1.512976138518701674e+01
1.528595660267081513e+01
1.543178729434846019e+01
1.556616551616523836e+01
1.568793079907677424e+01
1.579584598675273099e+01
1.588859285714198499e+01
1.596476751292176743e+01
1.602287553608141479e+01
1.606132688991497659e+01
1.607843055946282718e+01
1.607238891792724900e+01
1.604129180559799295e+01
1.598311030741403371e+01
1.589569021794779857e+01
1.577674517568340917e+01
1.562384945589262486e+01
1.543443040238710751e+01
1.520576048541897052e+01
1.493494896698626206e+01
1.461893315730860010e+01
1.425446924400734616e+01
1.383812267483609304e+01
1.336625807598265681e+01
1.283502868460940682e+01
1.224036527588828349e+01
1.157796456174098054e+01
1.084327704003125348e+01
1.003149427312464681e+01
9.137535566306411283e+00
8.156034027948122045e+00
7.081321983006921172e+00
5.907415712377307671e+00
4.627999494752662812e+00
3.236408918969275739e+00
1.725613441474348697e+00
8.819815673514330712e-02
-1.683655248819434291e+00
-3.598188389738297133e+00
-5.664086956988788835e+00
-7.890502405171882394e+00
-1.028707459126496104e+01
-1.286395539129835441e+01
-1.563183334481361975e+01
-1.860195934916273330e+01
-2.178617345285885420e+01
-2.519693278471038766e+01
-2.884734065552762416e+01
-3.275117687909545339e+01
-3.692292934864023835e+01
-4.137782692302622678e+01
-4.613187365057881806e+01
-5.120188439611130349e+01
-5.660552189972418091e+01
-6.236133532957149583e+01
-6.848880036845133645e+01
-7.500836088813107949e+01
-8.194147226488175306e+01
-8.931064638223550389e+01
-9.713949838354299970e+01
-1.054527952211060011e+02
-1.142765060642513646e+02
-1.236378546187085590e+02
-1.335653734232655552e+02
-1.440889601726497631e+02
-1.552399361408075720e+02
-1.670511067554437545e+02
-1.795568243991603197e+02
-1.927930534896257484e+02
-2.067974379206736728e+02
-2.216093709196151735e+02
-2.372700673950979819e+02
-2.538226388545747909e+02
-2.713121709495497385e+02
-2.897858037347107825e+02
-3.092928147172004856e+02
-3.298847047647199133e+02
-3.516152869619232888e+02
-3.745407784969323757e+02
-3.987198956526717097e+02
-4.242139519988766097e+02
-4.510869598694593492e+02
-4.794057352134079792e+02
-5.092400059162033017e+02
-5.406625236850925376e+02
-5.737491795905285699e+02
-6.085791233780072389e+02
-6.452348866388239230e+02
-6.838025099561859861e+02
-7.243716741288511685e+02
-7.670358355927177172e+02
-8.118923661513033494e+02
-8.590426971364128121e+02
-9.085924681210723293e+02
-9.606516803176876920e+02
-1.015334854784295317e+03
-1.072761195585881069e+03
-1.133054758043947686e+03
-1.196344622219435223e+03
-1.262765071788809109e+03
-1.332455778464651758e+03
-1.405561992109363928e+03
-1.482234736740258995e+03
-1.562631012569346240e+03
-1.646914004279273058e+03
-1.735253295705751043e+03
-1.827825091145247598e+03
-1.924812443463791396e+03
-2.026405489226997361e+03
-2.132801691084020149e+03
-2.244206087611114071e+03
-2.360831550862176755e+03
-2.482899051865449565e+03
-2.610637934330970438e+03
-2.744286196836172167e+03
-2.884090783741624819e+03
-3.030307885168529083e+03
-3.183203246290178868e+03
-3.343052486292120648e+03
-3.510141427299779025e+03
-3.684766433625923128e+03
-3.867234761681957934e+03
-4.057864920944750793e+03
-4.256987046311493032e+03
-4.464943282332002127e+03
-4.682088179629858132e+03
-4.908789104042279178e+03
-5.145426658878707713e+03
-5.392395120765349930e+03
-5.650102889656700427e+03
-5.918972953400849292e+03
-6.199443367501904504e+03
-6.491967750588661147e+03
-6.797015796237003087e+03
-7.115073801662905680e+03
-7.446645214020430103e+03
-7.792251194964511342e+03
-8.152431204067976068e+03
-8.527743602041704435e+03
-8.918766274288745990e+03
-9.326097275768506734e+03
-9.750355497905522498e+03
-1.019218135848453676e+04
-1.065223751543891922e+04
-1.113120960542983084e+04
-1.162980700833131959e+04
-1.214876363864080668e+04
-1.268883876476520345e+04
-1.325081785763632979e+04
-1.383551346971837484e+04
-1.444376614549810802e+04
-1.507644536519436588e+04
-1.573445052273437432e+04
-1.641871193966494684e+04
-1.713019191658520504e+04
-1.786988582343172311e+04
-1.863882323076867397e+04
-1.943806908351599850e+04
-2.026872491920463654e+04
-2.113193013275097110e+04
-2.202886328966915971e+04
-2.296074349023116520e+04
-2.392883178666360618e+04
-2.493443265593901742e+04
-2.597889553068555324e+04
-2.706361639120496329e+04
-2.819003942107831608e+04
-2.935965872980300264e+04
-3.057402014535789931e+04
-3.183472308062674711e+04
-3.314342247642986331e+04
-3.450183082600465423e+04
-3.591172028420770948e+04
-3.737492486613392248e+04
-3.889334273964033491e+04
-4.046893861611819011e+04
-4.210374624588052393e+04
-4.379987102202173264e+04
-4.555949269982365513e+04
-4.738486823681694659e+04
-4.927833476134828379e+04
-5.124231267470832972e+04
-5.327930889653349732e+04
-5.539192025947917864e+04
-5.758283706220558815e+04
-5.985484679029887047e+04
-6.221083801368231070e+04
-6.465380447145774815e+04
-6.718684935498994309e+04
-6.981318980103191279e+04
-7.253616160654572013e+04
-7.535922418070917774e+04
-7.828596574585072813e+04
-8.132010880542827363e+04
-8.446551589317206526e+04
-8.772619562356978713e+04
-9.110630906079224951e+04
-9.461017642806665390e+04
-9.824228417921384971e+04
-1.020072924562019180e+05
-1.059100429588416737e+05
-1.099555672542089887e+05
-1.141490955559279682e+05
-1.184960660059671209e+05
-1.230021344949774066e+05
-1.276731850571879477e+05
-1.325153408834883885e+05
-1.375349759977546637e+05
-1.427387276418811525e+05
-1.481335094279111363e+05
-1.537265253102947609e+05
-1.595252844443678914e+05
-1.655376169975282392e+05
-1.717716909914746066e+05
-1.782360302523834689e+05
-1.849395335653229267e+05
-1.918914951264004339e+05
-1.991016264024742704e+05
-2.065800795175711974e+05
-2.143374722960021463e+05
-2.223849151085778140e+05
-2.307340396737231058e+05
-2.393970299998585251e+05
-2.483866556523945765e+05
-2.577163075678811292e+05
-2.674000366477679345e+05
-2.774525954045915278e+05
-2.878894829468108946e+05
-2.987269936376026017e+05
-3.099822697939209174e+05
-3.216733588356467662e+05
-3.338192753436181811e+05
-3.464400685531982454e+05
-3.595568958539290470e+05
-3.731921029632045538e+05
-3.873693115043745493e+05
-4.021135148481326178e+05
-4.174511831466088770e+05
-4.334103786720664939e+05
-4.500208826780844247e+05
-4.673143352097187890e+05
-4.853243894839355489e+05
-5.040868827042962075e+05
-5.236400254610982956e+05
-5.440246122046265518e+05
-5.652842556813923875e+05
-5.874656486787212780e+05
-6.106188570058839396e+05
-6.347976483042987529e+05
-6.600598620773631847e+05
-6.864678273323870962e+05
-7.140888353697442217e+05
-7.429956767399236560e+05
-7.732672531083610374e+05
-8.049892769696924370e+05
-8.382550748156995978e+05
-8.731665126956491731e+05
-9.098350673322697403e+05
-9.483830711531769484e+05
-9.889451663773206528e+05
-1.031670011777384090e+06
-1.076722296846091514e+06
-1.124285132384656463e+06
-1.174562905373751884e+06
-1.227784710939934477e+06
-1.284208507549486589e+06
-1.344126186743546277e+06
-1.407869810587379616e+06
-1.475819355826729210e+06
-1.548412424604257336e+06
-1.626156554428168805e+06
-1.709645011326101143e+06
-1.799577322673380375e+06
-1.896786369739680551e+06
-2.002274732808496105e+06
-2.117264368937877472e+06
-2.243265972734665964e+06
-2.382178212386827450e+06
-2.536433788707200903e+06
-2.709221686264380347e+06
-2.904839058849150315e+06
-3.129275885158533230e+06
-3.391246347673574463e+06
-3.704153204582680482e+06
-4.090230902238834649e+06
-4.590633783905289136e+06
-5.296089419085344300e+06
-6.486934014079202898e+06
-1.235087052453501895e+07
nan
nan
nan
nan
nan
nan
nan
nan
nan
nan
nan
nan
nan
nan
nan
nan
nan
nan
nan
nan
nan
nan
nan
nan
nan
nan
nan
nan
nan
nan
nan
nan
nan
nan
nan
nan
nan
nan
nan
nan
nan
nan
nan
nan
nan
nan
nan
nan
nan
nan
nan
nan
nan
nan
nan
nan
nan
nan
nan
nan
nan
nan
nan
nan
nan
nan
nan
nan
nan
nan
nan
nan
nan
nan
nan
nan
nan
nan
nan
nan
nan
nan
nan
nan
nan
nan
nan
nan
nan
nan
nan
nan
nan
nan
nan
nan
nan
nan
nan
nan
nan
