-2.685156064122774045e-06
-2.760475624899050684e-06
-2.837808658637072988e-06
-2.917478589515918199e-06
-2.999269753490157737e-06
-3.083430360018910016e-06
-3.169889717732827280e-06
-3.258753902380019532e-06
-3.350037001094174791e-06
-3.443890576353062690e-06
-3.540593963930191093e-06
-3.639775718969390751e-06
-3.741907035807961771e-06
-3.847029821651178010e-06
-3.954724175399595141e-06
-4.065617748928466790e-06
-4.179837753960453445e-06
-4.296999246604904895e-06
-4.417442480643522467e-06
-4.541450188607595149e-06
-4.668726590525976096e-06
-4.799628923585620537e-06
-4.934142955378118025e-06
-5.072603031095425908e-06
-5.214922652634005265e-06
-5.361061471146300278e-06
-5.511512979542531641e-06
-5.666008544444885544e-06
-5.825003873778555516e-06
-5.988391492323786149e-06
-6.156226735427321899e-06
-6.328944139335144472e-06
-6.506574591887824717e-06
-6.688967279902274137e-06
-6.876502170486928930e-06
-7.069310632046506179e-06
-7.267737624955354907e-06
-7.471551058611638135e-06
-7.680911639984846893e-06
-7.896336139002876539e-06
-8.117900843063336478e-06
-8.345453241936378908e-06
-8.579575634137040090e-06
-8.820289234736333978e-06
-9.067504489370227603e-06
-9.321990573207852003e-06
-9.583310848549892700e-06
-9.852045416809561342e-06
-1.012847238736111935e-05
-1.041253185650673681e-05
-1.070451607805222196e-05
-1.100477393591096537e-05
-1.131339567793778009e-05
-1.163066906391586495e-05
-1.195676046585187593e-05
-1.229216498568035397e-05
-1.263688697822629170e-05
-1.299113010742859281e-05
-1.335549212325857691e-05
-1.373013465171994208e-05
-1.411521769125287818e-05
-1.451108935806318909e-05
-1.491795162588793310e-05
-1.533655019881513434e-05
-1.576657841929771992e-05
-1.620886943596408541e-05
-1.666330286872729638e-05
-1.713073023184288950e-05
-1.761113000438640439e-05
-1.810503117240550122e-05
-1.861291514313136348e-05
-1.913487720374095727e-05
-1.967153211858227869e-05
-2.022316270124259436e-05
-2.079037459228677082e-05
-2.137348956654392057e-05
-2.197293633048726460e-05
-2.258915218970542149e-05
-2.322270841402437745e-05
-2.387395277023212855e-05
-2.454363880901841747e-05
-2.523180241366074726e-05
-2.593964350454329546e-05
-2.666713533015494019e-05
-2.741489948539158463e-05
-2.818382529494247737e-05
-2.897441914225402362e-05
-2.978691201989168500e-05
-3.062237163943799334e-05
-3.148128972298441938e-05
-3.236417888199471062e-05
-3.327191725433710132e-05
-3.420507165605615849e-05
-3.516449351565701514e-05
-3.615062689140357242e-05
-3.716459513843884082e-05
-3.820700728900599608e-05
-3.927851631734923920e-05
-4.038013402460227815e-05
-4.151277181289017473e-05
-4.267703774147496890e-05
-4.387402434002703069e-05
-4.510459042332844019e-05
-4.636964037371525292e-05
-4.767013814438515501e-05
-4.900712639720948517e-05
-5.038173189577969057e-05
-5.179491058995651831e-05
-5.324769463954990125e-05
-5.474118085891464662e-05
-5.627650283311307999e-05
-5.785505702883827019e-05
-5.947771117238823168e-05
-6.114601258060351082e-05
-6.286088024591351747e-05
-6.462405175693600027e-05
-6.643675164200548485e-05
-6.830036727970364594e-05
-7.021610876302837546e-05
-7.218541085810283009e-05
-7.421032919873878065e-05
-7.629165784016846597e-05
-7.843182209328082837e-05
-8.063171578639657944e-05
-8.289331872480802817e-05
-8.521853183287908312e-05
-8.760899425449024044e-05
-9.006640990754464907e-05
-9.259284732702230489e-05
-9.519002467323989334e-05
-9.786009776754407566e-05
-1.006051649546591204e-04
-1.034272708336014335e-04
-1.063283929704037650e-04
-1.093111685049676942e-04
-1.123773424284473443e-04
-1.155297206804638309e-04
-1.187705861233590249e-04
-1.221023677243019269e-04
-1.255277799378313932e-04
-1.290489478569610939e-04
-1.326692796716042616e-04
-1.363910348810139597e-04
-1.402171702963888504e-04
-1.441506339558012734e-04
-1.481946504382954935e-04
-1.523519804029461696e-04
-1.566261798905863555e-04
-1.610203025716603806e-04
-1.655376197600955091e-04
-1.701817851661493173e-04
-1.749562491168330479e-04
-1.798646323189765956e-04
-1.849108452540977696e-04
-1.900986589932449370e-04
-1.954322666514920603e-04
-2.009155625677733681e-04
-2.065526473403589804e-04
-2.123478013150034921e-04
-2.183059357469251680e-04
-2.244312499313990154e-04
-2.307283727456034030e-04
-2.372022224185394747e-04
-2.438580755511107322e-04
-2.507006036097644613e-04
-2.577353856317263518e-04
-2.649676257400978251e-04
-2.724028361355206691e-04
-2.800467470798959340e-04
-2.879054045946766388e-04
-2.959847471846374081e-04
-3.042908869816410506e-04
-3.128303547158934293e-04
-3.216097900170074774e-04
-3.306353515018622524e-04
-3.399148283199058011e-04
-3.494546959488893569e-04
-3.592626425757944981e-04
-3.693457781462906571e-04
-3.797125633497569659e-04
-3.903701615463519431e-04
-4.013275205169573780e-04
-4.125923638907526367e-04
-4.241739099381689956e-04
-4.360807568801294658e-04
-4.483222309088945659e-04
-4.609076513520178782e-04
-4.738465514679127740e-04
-4.871493345660797905e-04
-5.008258450347996115e-04
-5.148866439840021816e-04
-5.293429598808199309e-04
-5.442052973513790588e-04
-5.594855114605277666e-04
-5.751955204840884708e-04
-5.913469503132887540e-04
-6.079524641306962608e-04
-6.250249978972226023e-04
-6.425776523263689987e-04
-6.606237631848138961e-04
-6.791776344782973675e-04
-6.982531553280479746e-04
-7.178653583419206292e-04
-7.380293484985827115e-04
-7.587603967008839812e-04
-7.800749408652541544e-04
-8.019892075938972811e-04
-8.245202438550329818e-04
-8.476853335165103476e-04
-8.715022930117412997e-04
-8.959899103766475782e-04
-9.211670014884786907e-04
-9.470528435958883336e-04
-9.736674930324010387e-04
-1.001031710820189918e-03
-1.029166749236497258e-03
-1.058094261230778203e-03
-1.087836553183630425e-03
-1.118417213604242823e-03
-1.149859301976563584e-03
-1.182187681197009298e-03
-1.215427145534105861e-03
-1.249603919008135822e-03
-1.284744202591070212e-03
-1.320875336262514362e-03
-1.358025495451492450e-03
-1.396223730371252882e-03
-1.435499551017814079e-03
-1.475883580356814138e-03
-1.517407249933809890e-03
-1.560103045489367665e-03
-1.604004287299586919e-03
-1.649145199180249849e-03
-1.695561005077859083e-03
-1.743288040279916511e-03
-1.792363386126063357e-03
-1.842825510392227806e-03
-1.894714156971955867e-03
-1.948069727896592149e-03
-2.002934160734737637e-03
-2.059350280163731346e-03
-2.117362626334205224e-03
-2.177016489342664847e-03
-2.238358663358741389e-03
-2.301437891550165218e-03
-2.366303245412441393e-03
-2.433006200771269112e-03
-2.501599375140984433e-03
-2.572136425094051146e-03
-2.644673364690318038e-03
-2.719267509547355736e-03
-2.795977812301829804e-03
-2.874864826028450046e-03
-2.955991530180934572e-03
-3.039421493625971311e-03
-3.125221660174233931e-03
-3.213459933278027883e-03
-3.304206343358467163e-03
-3.397533529365599422e-03
-3.493515489538606689e-03
-3.592229144671646793e-03
-3.693753140666694579e-03
-3.798168673906520201e-03
-3.905559548707649917e-03
-4.016011719419806600e-03
-4.129614023497180098e-03
-4.246457643943706006e-03
-4.366636472338944128e-03
-4.490247904579568530e-03
-4.617391023310876003e-03
-4.748169180890368657e-03
-4.882687923573450495e-03
-5.021056529683848302e-03
-5.163387365934106119e-03
-5.309795811571737731e-03
-5.460401471350613198e-03
-5.615327152659391891e-03
-5.774699347573583955e-03
-5.938648948427589433e-03
-6.107309906507065594e-03
-6.280821349558988326e-03
-6.459325833276585022e-03
-6.642970508413677255e-03
-6.831907388174698892e-03
-7.026292706560147150e-03
-7.226288348310412613e-03
-7.432059809026243108e-03
-7.643779431142402880e-03
-7.861623602924503601e-03
-8.085774683507209598e-03
-8.316421097511090404e-03
-8.553756566453060706e-03
-8.797981479292116269e-03
-9.049302320280061540e-03
-9.307931660465916524e-03
-9.574089936663508077e-03
-9.848003669645097324e-03
-1.012990692476806176e-02
-1.042004090326024632e-02
-1.071865568863207899e-02
-1.102600778883488716e-02
-1.134236351744451893e-02
-1.166799710083329597e-02
-1.200319151322901470e-02
-1.234823922760224651e-02
-1.270344285772057741e-02
-1.306911385318361429e-02
-1.344557501947955119e-02
-1.383315898542931272e-02
-1.423220989436360662e-02
-1.464308320940080343e-02
-1.506614661760093121e-02
-1.550177996229375882e-02
-1.595037540013777982e-02
-1.641233924543050032e-02
-1.688809065185125496e-02
-1.737806412864297684e-02
-1.788270827403013602e-02
-1.840248745869207947e-02
-1.893788160458671072e-02
-1.948938804038082701e-02
-2.005752080967664747e-02
-2.064281215855389567e-02
-2.124581260600582472e-02
-2.186709277939906382e-02
-2.250724294419071542e-02
-2.316687462909329531e-02
-2.384662080459743622e-02
-2.454713723741412668e-02
-2.526910372478546191e-02
-2.601322434794688110e-02
-2.678022840347196731e-02
-2.757087245298274480e-02
-2.838594008964240301e-02
-2.922624439384612083e-02
-3.009262816226197790e-02
-3.098596535137662644e-02
-3.190716286816891456e-02
-3.285716134173377601e-02
-3.383693727732027534e-02
-3.484750345756432166e-02
-3.588991176646548487e-02
-3.696525375258485901e-02
-3.807466311813907656e-02
-3.921931773393544374e-02
-4.040044001040127286e-02
-4.161930107864462991e-02
-4.287722104853507188e-02
-4.417557202027638796e-02
-4.551578067515348047e-02
-4.689932978223869398e-02
-4.832776177383518723e-02
-4.980268014723118752e-02
-5.132575362159469412e-02
-5.289871780007489310e-02
-5.452337949803465200e-02
-5.620161873022139210e-02
-5.793539274071984879e-02
-5.972673935873482054e-02
-6.157778126682572628e-02
-6.349072893001075912e-02
-6.546788530933117523e-02
-6.751165011145596195e-02
-6.962452436243979359e-02
-7.180911509817752836e-02
-7.406813996111233367e-02
-7.640443320610310063e-02
-7.882095087493279362e-02
-8.132077618764879667e-02
-8.390712634876637543e-02
-8.658335857610680031e-02
-8.935297651313103828e-02
-9.221963862948126534e-02
-9.518716365828466808e-02
-9.825954024500457851e-02
-1.014409340866837539e-01
-1.047356971556519245e-01
-1.081483765694356003e-01
-1.116837244620029479e-01
-1.153467078564660853e-01
-1.191425190857100525e-01
-1.230765874086889311e-01
-1.271545906386142288e-01
-1.313824675668824327e-01
-1.357664306930942977e-01
-1.403129802206403154e-01
-1.450289183924791114e-01
-1.499213652960712517e-01
-1.549977734835880083e-01
-1.602659462254784617e-01
-1.657340550039005933e-01
-1.714106570421825015e-01
-1.773047164387857033e-01
-1.834256244332614361e-01
-1.897832208621728078e-01
-1.963878170501874854e-01
-2.032502211749911414e-01
-2.103817620824455781e-01
-2.177943177716155643e-01
-2.255003423424341569e-01
-2.335128967593572691e-01
-2.418456792448164250e-01
-2.505130598815978882e-01
-2.595301136477692894e-01
-2.689126583218690580e-01
-2.786772933188218504e-01
-2.888414388532201116e-01
-2.994233809080742992e-01
-3.104423148946563460e-01
-3.219183943011029170e-01
-3.338727799688405717e-01
-3.463276937231227759e-01
-3.593064741975084964e-01
-3.728336345248610684e-01
-3.869349255719016778e-01
-4.016374000176913261e-01
-4.169694816095689260e-01
-4.329610377389290221e-01
-4.496434550509392780e-01
-4.670497202307930529e-01
-4.852145049107657870e-01
-5.041742544786006475e-01
-5.239672825228288700e-01
-5.446338688518502780e-01
-5.662163658451908610e-01
-5.887593062465614757e-01
-6.123095211122407955e-01
-6.369162599924256263e-01
-6.626313209536418558e-01
-6.895091857336410612e-01
-7.176071627322520019e-01
-7.469855365582056539e-01
-7.777077280618955868e-01
-8.098404599073552035e-01
-8.434539336530091358e-01
-8.786220146447565327e-01
-9.154224265014963002e-01
-9.539369580154575257e-01
-9.942516792062681130e-01
-1.036457169820368174e+00
-1.080648758817165822e+00
-1.126926778337774993e+00
-1.175396829992547909e+00
-1.226170066340788845e+00
-1.279363484890791103e+00
-1.335100241432878532e+00
-1.393509976376682502e+00
-1.454729161052640052e+00
-1.518901460066179654e+00
-1.586178115659589105e+00
-1.656718348932548324e+00
-1.730689784806543008e+00
-1.808268899121750817e+00
-1.889641486951923133e+00
-1.975003159011352594e+00
-2.064559861183724809e+00
-2.158528423149757902e+00
-2.257137134777526200e+00
-2.360626352406669959e+00
-2.469249138107203478e+00
-2.583271930828548779e+00
-2.702975253216886475e+00
-2.828654455471692142e+00
-2.960620496256590073e+00
-3.099200766565405551e+00
-3.244739953935793064e+00
-3.397600952031129218e+00
-3.558165818475170994e+00
-3.726836779552413326e+00
-3.904037287595311767e+00
-4.090213134752062274e+00
-4.285833619185066112e+00
-4.491392775215867772e+00
-4.707410664656150878e+00
-4.934434732263183854e+00
-5.173041232720334115e+00
-5.423836728638567806e+00
-5.687459663994980374e+00
-5.964582017930917246e+00
-6.255911041348392487e+00
-6.562191081085535060e+00
-6.884205495251094931e+00
-7.222778665060721970e+00
-7.578778106086151212e+00
-7.953116685701619559e+00
-8.346754951066838402e+00
-8.760703570426173314e+00
-9.196025897975003360e+00
-9.653840663518344911e+00
-1.013532479438229927e+01
-1.064171637748755828e+01
-1.117431776412039923e+01
-1.173449882876733952e+01
-1.232370038451859529e+01
-1.294343776570814697e+01
-1.359530458328663372e+01
-1.428097666236257268e+01
-1.500221616831826132e+01
-1.576087593247019214e+01
-1.655890398231223415e+01
-1.739834829103297054e+01
-1.828136175064165059e+01
-1.921020738214803458e+01
-2.018726379170267649e+01
-2.121503088321895802e+01
-2.229613584115780611e+01
-2.343333939151917633e+01
-2.462954235591229590e+01
-2.588779250980643454e+01
-2.721129175974345671e+01
-2.860340365069877677e+01
-3.006766121992739826e+01
-3.160777520937908847e+01
-3.322764265613584911e+01
-3.493135587001545872e+01
-3.672321182248703764e+01
-3.860772195597219536e+01
-4.058962243656086599e+01
-4.267388486633947764e+01
-4.486572747357918445e+01
-4.717062679990067409e+01
-4.959432990688941345e+01
-5.214286711965717558e+01
-5.482256533086309958e+01
-5.764006188641323547e+01
-6.060231907670107887e+01
-6.371663925596658373e+01
-6.699068061513449379e+01
-7.043247363240634229e+01
-7.405043822916019280e+01
-7.785340165527858858e+01
-8.185061713677725947e+01
-8.605178330760989525e+01
-9.046706445995506840e+01
-9.510711164421377362e+01
-9.998308464532097162e+01
-1.051066748707598180e+02
-1.104901291851678593e+02
-1.161462747237396513e+02
-1.220885447164164361e+02
-1.283310053686559513e+02
-1.348883838260577761e+02
-1.417760972676121867e+02
-1.490102831654925239e+02
-1.566078307522956834e+02
-1.645864137349315399e+02
-1.729645243066002820e+02
-1.817615084883411214e+02
-1.909976028592712680e+02
-2.006939727125241006e+02
-2.108727516884357840e+02
-2.215570829371721970e+02
-2.327711618559040403e+02
-2.445402804565521819e+02
-2.568908734186883862e+02
-2.698505658806969336e+02
-2.834482230197301078e+02
-2.977140014963384829e+02
-3.126794027980545252e+02
-3.283773285703625788e+02
-3.448421379701961200e+02
-3.621097071300957282e+02
-3.802174907900734979e+02
-3.992045861532898243e+02
-4.191117990598238521e+02
-4.399817125266589528e+02
-4.618587577459712747e+02
-4.847892875974728781e+02
-5.088216527739900812e+02
-5.340062805866191411e+02
-5.603957565234788945e+02
-5.880449086751073082e+02
-6.170108950748048073e+02
-6.473532940759664598e+02
-6.791341978303660198e+02
-7.124183089886705602e+02
-7.472730406837512191e+02
-7.837686199402103284e+02
-8.219781945651029673e+02
-8.619779436609255754e+02
-9.038471918499576532e+02
-9.476685273236046214e+02
-9.935279238353900837e+02
-1.041514866749051862e+03
-1.091722483266613608e+03
-1.144247676954394592e+03
-1.199191266710115769e+03
-1.256658130280633031e+03
-1.316757352491147230e+03
-1.379602378297568976e+03
-1.445311170845994411e+03
-1.514006374634393069e+03
-1.585815483996254898e+03
-1.660871017003958968e+03
-1.739310694993904235e+03
-1.821277627873615074e+03
-1.906920505376087021e+03
-1.996393794450411860e+03
-2.089857942987241131e+03
-2.187479590053939773e+03
-2.289431782833644320e+03
-2.395894200498691589e+03
-2.507053385232832625e+03
-2.623102980587889306e+03
-2.744243977429803635e+03
-2.870684967740907268e+03
-3.002642406445049346e+03
-3.140340881589202581e+03
-3.284013393110723882e+03
-3.433901640461428997e+03
-3.590256319364683350e+03
-3.753337428041701969e+03
-3.923414583149074133e+03
-4.100767345817969726e+03
-4.285685558038451745e+03
-4.478469689809856391e+03
-4.679431197375643023e+03
-4.888892892885445690e+03
-5.107189325920443480e+03
-5.334667177272999652e+03
-5.571685665294939099e+03
-5.818616965466541842e+03
-6.075846643339828006e+03
-6.343774101587185214e+03
-6.622813041516710655e+03
-6.913391939504128459e+03
-7.215954539053896042e+03
-7.530960358826797346e+03
-7.858885217358898444e+03
-8.200221775057681953e+03
-8.555480093925818437e+03
-8.925188215985766874e+03
-9.309892760703849490e+03
-9.710159542519691968e+03
-1.012657420886682303e+04
-1.055974289970253994e+04
-1.101029292926352718e+04
-1.147887349088681367e+04
-1.196615638580160703e+04
-1.247283677697143139e+04
-1.299963396856318832e+04
-1.354729221254562617e+04
-1.411658154321002985e+04
-1.470829864078004357e+04
-1.532326772518138387e+04
-1.596234148159520373e+04
-1.662640201860421439e+04
-1.731636186063014611e+04
-1.803316497581650401e+04
-1.877778784136788818e+04
-1.955124054711515419e+04
-2.035456793989261132e+04
-2.118885080976359313e+04
-2.205520712022381485e+04
-2.295479328431511385e+04
-2.388880548888728663e+04
-2.485848106849013857e+04
-2.586509993216232397e+04
-2.690998604463611264e+04
-2.799450896486613783e+04
-2.912008544479668490e+04
-3.028818109038503462e+04
-3.150031208915916432e+04
-3.275804700577992480e+04
-3.406300865071158478e+04
-3.541687602404765494e+04
-3.682138633913673402e+04
-3.827833712971793284e+04
-3.978958844435353240e+04
-4.135706513360042300e+04
-4.298275923331449303e+04
-4.466873244998907467e+04
-4.641711875361588318e+04
-4.823012708286663110e+04
-5.011004416886229592e+04
-5.205923748490827711e+04
-5.408015832703181513e+04
-5.617534503492465592e+04
-5.834742635852994863e+04
-6.059912498071289156e+04
-6.293326120305508812e+04
-6.535275680531449325e+04
-6.786063908757411991e+04
-7.046004510678068618e+04
-7.315422611806428176e+04
-7.594655223325549741e+04
-7.884051731120396289e+04
-8.183974409089994151e+04
-8.494798958536493592e+04
-8.816915075048746075e+04
-9.150727044723813015e+04
-9.496654371533784433e+04
-9.855132437830259732e+04
-1.022661320015338133e+05
-1.061156592269124521e+05
-1.101047795084053796e+05
-1.142385552756867837e+05
-1.185222465552499780e+05
-1.229613200801333296e+05
-1.275614589227658289e+05
-1.323285726861004659e+05
-1.372688082959810854e+05
-1.423885614349650568e+05
-1.476944886655524897e+05
-1.531935202952415857e+05
-1.588928740368969447e+05
-1.648000695266204712e+05
-1.709229437629460008e+05
-1.772696675412099867e+05
-1.838487629605751717e+05
-1.906691220914172591e+05
-1.977400268921736861e+05
-2.050711704855102871e+05
-2.126726799017952289e+05
-2.205551404164320556e+05
-2.287296216159950709e+05
-2.372077053483537748e+05
-2.460015157154850895e+05
-2.551237512999481987e+05
-2.645877198261106387e+05
-2.744073754750557127e+05
-2.845973591169387219e+05
-2.951730417210896267e+05
-3.061505712688143831e+05
-3.175469235038960469e+05
-3.293799569084433024e+05
-3.416684723393667955e+05
-3.544322778008590103e+05
-3.676922589036307763e+05
-3.814704556151774595e+05
-3.957901460009566508e+05
-4.106759377173636458e+05
-4.261538681613700464e+05
-4.422515142577797524e+05
-4.589981130393593339e+05
-4.764246943112550653e+05
-4.945642268901125644e+05
-5.134517801229595207e+05
-5.331247026442915667e+05
-5.536228206378939794e+05
-5.749886582113321638e+05
-5.972676829172755824e+05
-6.205085799538651481e+05
-6.447635591729289154e+05
-6.700886997125766939e+05
-6.965443379528900841e+05
-7.241955054938020185e+05
-7.531124251256145071e+05
-7.833710742604898987e+05
-8.150538271558972774e+05
-8.482501895666039782e+05
-8.830576422643871047e+05
-9.195826134192754980e+05
-9.579416042342142900e+05
-9.982624977771509439e+05
-1.040686088103472604e+06
-1.085367875689469278e+06
-1.132480186982729239e+06
-1.182214690979359671e+06
-1.234785405670949258e+06
-1.290432313584315591e+06
-1.349425740976718953e+06
-1.412071703039352084e+06
-1.478718483031854732e+06
-1.549764804217198165e+06
-1.625670081663698889e+06
-1.706967424229846569e+06
-1.794280323807138251e+06
-1.888344364367227303e+06
-1.990035882058992283e+06
-2.100410435284838080e+06
-2.220755418903226499e+06
-2.352663572644085623e+06
-2.498138224690279458e+06
-2.659748310239237733e+06
-2.840864452146936208e+06
-3.046033088715926278e+06
-3.281598739313103724e+06
-3.556803077002746984e+06
-3.885881333625066560e+06
-4.292492222832205705e+06
-4.820532478777369484e+06
-5.567130920337790623e+06
-6.834657927422732115e+06
-1.421785062748800777e+07
nan
nan
nan
nan
nan
nan
nan
nan
nan
nan
nan
nan
nan
nan
nan
nan
nan
nan
nan
nan
nan
nan
nan
nan
nan
nan
nan
nan
nan
nan
nan
nan
nan
nan
nan
nan
nan
nan
nan
nan
nan
nan
nan
nan
nan
nan
nan
nan
nan
nan
nan
nan
nan
nan
nan
nan
nan
nan
nan
nan
nan
nan
nan
nan
nan
nan
nan
nan
nan
nan
nan
nan
nan
nan
nan
nan
nan
nan
nan
nan
nan
nan
nan
nan
nan
nan
nan
nan
nan
nan
nan
nan
nan
nan
nan
nan
nan
nan
nan
nan
nan
nan
nan
nan
nan
nan
nan
nan
nan
nan
nan
nan
nan
nan
nan
nan
nan
nan
nan
nan
nan
nan
nan
nan
nan
nan
nan
nan
nan
nan
nan
nan
nan
nan
nan
nan
nan
nan
nan
nan
nan
nan
nan
nan
nan
nan
nan
nan
nan
nan
nan
nan
nan
nan
nan
nan
nan
nan
nan
nan
nan
nan
nan
nan
nan
nan
nan
nan
nan
nan
nan
nan
nan
nan
nan
nan
nan
nan
nan
nan
nan
nan
nan
nan
nan
nan
nan
nan
nan
nan
nan
nan
nan
nan
nan
nan
nan
nan
nan
nan
nan
nan
nan
nan
nan
nan
nan
nan
nan
nan
nan
nan
nan
nan
nan
