5.694508689884411596e-07
5.852672897947545619e-07
6.016290882571631684e-07
6.187243325944289441e-07
6.359979012950673550e-07
6.539134987609511531e-07
6.721920360173859995e-07
6.910721970195489736e-07
7.103034619288405101e-07
7.304033436576020548e-07
7.506455116547576164e-07
7.718311690122081292e-07
7.935140673504395522e-07
8.157698412646703310e-07
8.386924444899321412e-07
8.621349818489172987e-07
8.862246811084015202e-07
9.111052699598727719e-07
9.366839108792677815e-07
9.628909395713220089e-07
9.899235909288203963e-07
1.017748738313847934e-06
1.046354858487637704e-06
1.075749578672496077e-06
1.105709118527504481e-06
1.136788887075948881e-06
1.168561307877235660e-06
1.201372773405994820e-06
1.235094278370415169e-06
1.269871609017358393e-06
1.305371186848668471e-06
1.342041590319327519e-06
1.379605420662239646e-06
1.418309560560009048e-06
1.458186511784390790e-06
1.499037658498707995e-06
1.540949409126594068e-06
1.584293216256447669e-06
1.628713018914943569e-06
1.674389698801930471e-06
1.721284647662221622e-06
1.769648883766222979e-06
1.819260916468447535e-06
1.870189049748737193e-06
1.922792696270234228e-06
1.976708714042609692e-06
2.032122851297672345e-06
2.089006793748873055e-06
2.147624868751351669e-06
2.207781000470500506e-06
2.269825878267469625e-06
2.333404734767602846e-06
2.398958398166792535e-06
2.466224146939394606e-06
2.535236573370731384e-06
2.606336525603184204e-06
2.679409937873921656e-06
2.754649758413426758e-06
2.832052116879632603e-06
2.911415642458460368e-06
2.993102930773892098e-06
3.077030855288804509e-06
3.163178505709635636e-06
3.251838001788346304e-06
3.343116392598658723e-06
3.436936090316922798e-06
3.533284117817791249e-06
3.632475145381719948e-06
3.734136293582981230e-06
3.838976688995961813e-06
3.946523701459536268e-06
4.057392285261298833e-06
4.171016986727967175e-06
4.288173585498951618e-06
4.408215377257327526e-06
4.531838470294581505e-06
4.659078334121827444e-06
4.789807049892098405e-06
4.923994326582832099e-06
5.062210987296457870e-06
5.204123023898020992e-06
5.350000215156039624e-06
5.500220679249919217e-06
5.654267168860829980e-06
5.812989647869898077e-06
5.975844895222173714e-06
6.143416122549469589e-06
6.315906008094057654e-06
6.492884974845944550e-06
6.675061452940912339e-06
6.862270530502421789e-06
7.054734898542904651e-06
7.252565084114809175e-06
7.456015051842171744e-06
7.664985730783183601e-06
7.880035403732997470e-06
8.101119699830340281e-06
8.328106921422550804e-06
8.561784379752450817e-06
8.801851574657253784e-06
9.048689473131056013e-06
9.302350905925993538e-06
9.563326824351320771e-06
9.831546873027708890e-06
1.010738405115058197e-05
1.039065861217697620e-05
1.068215358710557023e-05
1.098160398221909552e-05
1.128971998055471821e-05
1.160642952553803852e-05
1.193189061964048059e-05
1.226649910965970001e-05
1.261039030008360169e-05
1.296420666142725933e-05
1.332758248147509101e-05
1.370143130874093474e-05
1.408567762312760924e-05
1.448077606385432887e-05
1.488671661841083306e-05
1.530429018492830335e-05
1.573358031184760031e-05
1.617473791554778289e-05
1.662848434215322770e-05
1.709486397813370160e-05
1.757426225213473361e-05
1.806691129838523300e-05
1.857365532086501319e-05
1.909470071366579230e-05
1.963012740837787813e-05
2.018066151888453800e-05
2.074667395718461359e-05
2.132844457441672572e-05
2.192667806651575700e-05
2.254150932329732987e-05
2.317377100183543802e-05
2.382350197493809620e-05
2.449171468778321080e-05
2.517865194318237706e-05
2.588455617780834902e-05
2.661068405873729179e-05
2.735681174417078958e-05
2.812401330141121869e-05
2.891291433819011221e-05
2.972371142153820933e-05
3.055718961885741216e-05
3.141424172490743234e-05
3.229512441438962670e-05
3.320098889215262707e-05
3.413213866144145756e-05
3.508930282560248016e-05
3.607340494736976325e-05
3.708508183481855233e-05
3.812494921680022978e-05
3.919413308789798618e-05
4.029353140518366640e-05
4.142333232164096266e-05
4.258505124923886117e-05
4.377929488350811688e-05
4.500727852079281204e-05
4.626936097197775928e-05
4.756706796090581752e-05
4.890111157989065669e-05
5.027242021536350519e-05
5.168216872790745708e-05
5.313180430010709632e-05
5.462181870875456311e-05
5.615353790973167942e-05
5.772839747750930768e-05
5.934747199955941815e-05
6.101175874519530355e-05
6.272271392646254430e-05
6.448178332325300410e-05
6.629018176158151139e-05
6.814919078986250657e-05
7.006043522963896681e-05
7.202517574069717079e-05
7.404509656372168622e-05
7.612184757690101011e-05
7.825657616605306388e-05
8.045123284557376088e-05
8.270735735991282655e-05
8.502687394094633972e-05
8.741138603057612387e-05
8.986297582327140471e-05
9.238299941677436604e-05
9.497389319028560909e-05
9.763746795218318834e-05
1.003757131062096755e-04
1.031906029805071249e-04
1.060844013972864989e-04
1.090594729454092901e-04
1.121180830595116607e-04
1.152624620663989592e-04
1.184948704193949205e-04
1.218179138096576932e-04
1.252343499227933515e-04
1.287464166855428716e-04
1.323571436466769577e-04
1.360689234909706917e-04
1.398848470089875020e-04
1.438077609338415995e-04
1.478408624780892127e-04
1.519870128267762827e-04
1.562493317950416514e-04
1.606312766627858077e-04
1.651359780263465793e-04
1.697670851334466817e-04
1.745280961713813986e-04
1.794227143641194443e-04
1.844544332670270661e-04
1.896273996880016275e-04
1.949452503571081708e-04
2.004124833284873859e-04
2.060328005061992597e-04
2.118109819370436590e-04
2.177509860664102810e-04
2.238575857576111658e-04
2.301354689651565486e-04
2.365893799847114420e-04
2.432244847168781542e-04
2.500455045698090663e-04
2.570578574705927825e-04
2.642667906895028386e-04
2.716777720375633358e-04
2.792968965084928262e-04
2.871292665285711402e-04
2.951816752919359682e-04
3.034597373303560145e-04
3.119698205518750848e-04
3.207187105907040097e-04
3.297130289315932652e-04
3.389594138613211409e-04
3.484652043705231683e-04
3.582376280512890006e-04
3.682839906444666973e-04
3.786118756466048106e-04
3.892296061921225910e-04
4.001451950017855235e-04
4.113668102525261296e-04
4.229030039454694662e-04
4.347626889018475641e-04
4.469551179999199132e-04
4.594893796057732387e-04
4.723751427025260413e-04
4.856221633623275242e-04
4.992405464214401834e-04
5.132410170995185253e-04
5.276341880300618138e-04
5.424308570905270188e-04
5.576425411595791826e-04
5.732805251676083074e-04
5.893571826044363346e-04
6.058847819638152072e-04
6.228758154521052024e-04
6.403430883623374443e-04
6.583003133777275313e-04
6.767612146343093566e-04
6.957396395579481738e-04
7.152501896261819012e-04
7.353081069129074020e-04
7.559281578278934446e-04
7.771265597698939027e-04
7.989193860828125698e-04
8.213232496295126955e-04
8.443555016547513517e-04
8.680334262753879688e-04
8.923752187207565061e-04
9.173997133794935558e-04
9.431258766468761379e-04
9.695733140858413691e-04
9.967625491166575216e-04
1.024713801460516889e-03
1.053449050697602505e-03
1.082990097142935444e-03
1.113359396388825372e-03
1.144580157062197743e-03
1.176676216707100812e-03
1.209672419527423829e-03
1.243593768908409468e-03
1.278466096990547992e-03
1.314316259739537005e-03
1.351171841680751974e-03
1.389060377536859535e-03
1.428011369700950273e-03
1.468054538583511009e-03
1.509220372748105738e-03
1.551540445848335371e-03
1.595046995724301543e-03
1.639773543124948196e-03
1.685753762716464977e-03
1.733023159904998299e-03
1.781617988981021306e-03
1.831574971393005839e-03
1.882932787340728126e-03
1.935730327937412124e-03
1.990008002006864868e-03
2.045807554116623860e-03
2.103171163947578203e-03
2.162143087884808423e-03
2.222768320025957957e-03
2.285093037672330726e-03
2.349164842371890063e-03
2.415032768478268116e-03
2.482747340710492797e-03
2.552359905046886965e-03
2.623924015969198754e-03
2.697494091878332566e-03
2.773126627167840121e-03
2.850879178240192310e-03
2.930811159437573567e-03
3.012983667481285849e-03
3.097459360072564970e-03
3.184303126415565822e-03
3.273580794873184527e-03
3.365360913961093405e-03
3.459713299743363488e-03
3.556710418767939849e-03
3.656426038894417582e-03
3.758936210643396870e-03
3.864319547781411984e-03
3.972656296031197576e-03
4.084029240442240208e-03
4.198523399511873248e-03
4.316226042100757172e-03
4.437227261253697680e-03
4.561619119621869098e-03
4.689496860460069111e-03
4.820957932698596154e-03
4.956102841068163456e-03
5.095034318837808607e-03
5.237858828823173905e-03
5.384685131843064410e-03
5.535625190820360995e-03
5.690794161249745214e-03
5.850310706081013161e-03
6.014296143398499377e-03
6.182875453236903740e-03
6.356177602215356756e-03
6.534334724122107911e-03
6.717482385876881110e-03
6.905760222676053314e-03
7.099312151745902286e-03
7.298285203673720092e-03
7.502831458804572196e-03
7.713106590606822952e-03
7.929270773428715585e-03
8.151488965062018283e-03
8.379930294129010054e-03
8.614768579680902316e-03
8.856183238103006172e-03
9.104357789524026440e-03
9.359481029021421775e-03
9.621747576231893737e-03
9.891357053522894377e-03
1.016851442724670332e-02
1.045343073763025515e-02
1.074632298677069900e-02
1.104741368325007876e-02
1.135693230073379738e-02
1.167511389769970362e-02
1.200220066821755874e-02
1.233844115917194159e-02
1.268409118006187317e-02
1.303941338646655464e-02
1.340467756172148209e-02
1.378016160165724743e-02
1.416615069096624838e-02
1.456293768928556588e-02
1.497082424215025187e-02
1.539011984769162421e-02
1.582114265611038115e-02
1.626422000897895584e-02
1.671968794854991266e-02
1.718789199402244103e-02
1.766918740331596682e-02
1.816393845174088528e-02
1.867252073799167619e-02
1.919531949109844898e-02
1.973273042295206614e-02
2.028516088217771976e-02
2.085302928056995131e-02
2.143676483939540439e-02
2.203680991425584212e-02
2.265361785764419614e-02
2.328765525504432679e-02
2.393940172643316960e-02
2.460934933383773435e-02
2.529800435662762914e-02
2.600588668889829147e-02
2.673353085586326061e-02
2.748148594519971011e-02
2.825031616021212583e-02
2.904060107286465797e-02
2.985293627742571787e-02
3.068793374225926851e-02
3.154622236486921694e-02
3.242844798436476939e-02
3.333527436717469150e-02
3.426738369839683190e-02
3.522547604622593836e-02
3.621027163392720460e-02
3.722250985159916703e-02
3.826294983885045187e-02
3.933237263473500500e-02
4.043157937303407112e-02
4.156139385814511256e-02
4.272266172377348764e-02
4.391625223436128322e-02
4.514305746781524520e-02
4.640399492750789390e-02
4.770000555617448512e-02
4.903205698773252519e-02
5.040114273458302929e-02
5.180828262696435954e-02
5.325452451746603977e-02
5.474094501375077054e-02
5.626864899512432766e-02
5.783877123311571833e-02
5.945247734147452584e-02
6.111096384601774623e-02
6.281545991948218888e-02
6.456722725112358507e-02
6.636756115334878359e-02
6.821779210829989615e-02
7.011928558077536178e-02
7.207344385245695317e-02
7.408170615932460623e-02
7.614554991546364227e-02
7.826649230844126559e-02
8.044609002738481451e-02
8.268594142672017200e-02
8.498768639601578245e-02
8.735300847607968544e-02
8.978363550631454637e-02
9.228134032346838045e-02
9.484794257135872875e-02
9.748530888471684808e-02
1.001953552742191611e-01
1.029800466818315691e-01
1.058413998453245353e-01
1.087814831612865102e-01
1.118024189130188972e-01
1.149063833767046405e-01
1.180956091030319899e-01
1.213723859240682934e-01
1.247390622394160820e-01
1.281980455944252972e-01
1.317518051736165929e-01
1.354028726801317362e-01
1.391538434549240422e-01
1.430073781194557692e-01
1.469662038076896826e-01
1.510331157860128060e-01
1.552109790338842277e-01
1.595027290666914399e-01
1.639113740944547204e-01
1.684399958208925852e-01
1.730917519343166677e-01
1.778698761141640494e-01
1.827776808913827988e-01
1.878185586556024578e-01
1.929959826349216256e-01
1.983135091999206345e-01
2.037747792920631684e-01
2.093835190434397697e-01
2.151435424656446549e-01
2.210587519956326852e-01
2.271331402434038360e-01
2.333707920542000824e-01
2.397758849330522413e-01
2.463526909541758625e-01
2.531055782424810885e-01
2.600390123670737186e-01
2.671575569924815041e-01
2.744658764142845486e-01
2.819687352908792910e-01
2.896710007176504509e-01
2.975776432373208880e-01
3.056937381471490078e-01
3.140244654559251614e-01
3.225751118924787830e-01
3.313510710640603651e-01
3.403578446311257832e-01
3.496010421413942026e-01
3.590863821517451537e-01
3.688196927775078127e-01
3.788069112682790340e-01
3.890540838195536977e-01
3.995673666978681871e-01
4.103530248644046141e-01
4.214174319905004684e-01
4.327670692577041400e-01
4.444085251332342557e-01
4.563484939909101534e-01
4.685937742826222774e-01
4.811512673965820941e-01
4.940279749174231738e-01
5.072309971792759997e-01
5.207675303323444638e-01
5.346448627968620748e-01
5.488703724081064328e-01
5.634515225712104503e-01
5.783958569547504869e-01
5.937109967098055385e-01
6.094046322938517779e-01
6.254845207884625058e-01
6.419584765228988354e-01
6.588343658664792546e-01
6.761200990555511492e-01
6.938236211202253312e-01
7.119529033729679046e-01
7.305159324542140897e-01
7.495207004654360627e-01
7.689751926375588686e-01
7.888873743833135777e-01
8.092651774410113408e-01
8.301164851448872284e-01
8.514491163925268502e-01
8.732708083131429655e-01
8.955891966531559500e-01
9.184117975505587950e-01
9.417459840607937949e-01
9.655989647212901428e-01
9.899777572773034162e-01
1.014889163540593664e+00
1.040339740352308473e+00
1.066335768870167788e+00
1.092883223361447387e+00
1.119987735278028307e+00
1.147654557355793692e+00
1.175888523133838515e+00
1.204694006574961840e+00
1.234074875066917709e+00
1.264034444599307250e+00
1.294575426032621213e+00
1.325699873656109418e+00
1.357409126901379492e+00
1.389703748393209093e+00
1.422583461049910181e+00
1.456047078074053758e+00
1.490092430228139975e+00
1.524716288491346106e+00
1.559914281789967827e+00
1.595680810518323334e+00
1.632008953227599202e+00
1.668890369175550337e+00
1.706315195214457958e+00
1.744271935804118545e+00
1.782747347061838017e+00
1.821726313501941918e+00
1.861191718893219438e+00
1.901124308227483573e+00
1.941502543033386097e+00
1.982302448012847940e+00
2.023497448133818377e+00
2.065058198527485178e+00
2.106952402579733707e+00
2.149144622803046190e+00
2.191596077268044951e+00
2.234264429341207503e+00
2.277103562315001106e+00
2.320063343530024635e+00
2.363089375581090668e+00
2.406122733759307408e+00
2.449099689455931816e+00
2.491951418546700658e+00
2.534603695486902453e+00
2.576976570102114117e+00
2.618984026908240281e+00
2.660533628877785439e+00
2.701526139301484442e+00
2.741855127620079990e+00
2.781406552386330056e+00
2.820058323159595481e+00
2.857679842111514823e+00
2.894131518783507051e+00
2.929264263543927882e+00
2.962918953847789805e+00
2.994925873891197465e+00
3.025104126579147401e+00
3.053261016398592265e+00
3.079191401781915083e+00
3.102677015394423865e+00
3.123485750068928812e+00
3.141370913233583195e+00
3.156070440919161779e+00
3.167306077695143163e+00
3.174782514152328261e+00
3.178186485098899450e+00
3.177185824025507976e+00
3.171428472920289732e+00
3.160541446074394578e+00
3.144129743706911562e+00
3.121775216392942198e+00
3.093035376103352441e+00
3.057442152124675516e+00
3.014500591066198609e+00
2.963687494050948334e+00
2.904449996323975824e+00
2.836204078470882628e+00
2.758333013093423602e+00
2.670185739707330086e+00
2.571075168414738155e+00
2.460276408581512086e+00
2.337024915905033140e+00
2.200514563192978557e+00
2.049895620330659529e+00
1.884272651564963041e+00
1.702702318786854185e+00
1.504191088965002976e+00
1.287692846306719652e+00
1.052106399186968133e+00
7.962728818025825994e-01
5.189730473194185123e-01
2.189244441016047205e-01
-1.052215248111902923e-01
-4.548826645349626219e-01
-8.315491808653501238e-01
-1.236787000960694272e+00
-1.672241236160210143e+00
-2.139639780731382501e+00
-2.640797061602419227e+00
-3.177617939604566288e+00
-3.752101765427135582e+00
-4.366346603220846667e+00
-5.022553619296627581e+00
-5.723031647620815399e+00
-6.470201936165564049e+00
-7.266603079610879590e+00
-8.114896147677072236e+00
-9.017870011986289569e+00
-9.978446881463050033e+00
-1.099968805316987819e+01
-1.208479988291729867e+01
-1.323713998744276310e+01
-1.446022368277105663e+01
-1.575773066884961082e+01
-1.713351196615884575e+01
-1.859159711689849814e+01
-2.013620165461379941e+01
-2.177173485612156156e+01
-2.350280778210628441e+01
-2.533424161519902285e+01
-2.727107630904174584e+01
-2.931857955644737501e+01
-3.148225608548061061e+01
-3.376785729820775828e+01
-3.618139125948049184e+01
-3.872913305146380480e+01
-4.141763549974244540e+01
-4.425374029120143859e+01
-4.724458948869472152e+01
-5.039763746116909005e+01
-5.372066323870699023e+01
-5.722178330983871319e+01
-6.090946487250366204e+01
-6.479253955559298106e+01
-6.888021762410573956e+01
-7.318210268614083702e+01
-7.770820691609057462e+01
-8.246896681083995873e+01
-8.747525949861537242e+01
-9.273841961262029088e+01
-9.827025675566726193e+01
-1.040830735670239875e+02
-1.101896844175030310e+02
-1.166034347469597066e+02
-1.233382210708264495e+02
-1.304085116723951501e+02
-1.378293680053417063e+02
-1.456164668302315874e+02
-1.537861231033694196e+02
-1.623553136521891247e+02
-1.713417016505618733e+02
-1.807636619300227494e+02
-1.906403071453829057e+02
-2.009915148311047517e+02
-2.118379553675802924e+02
-2.232011208945375245e+02
-2.351033551977068896e+02
-2.475678846007879201e+02
-2.606188498962929998e+02
-2.742813393482101674e+02
-2.885814227988423681e+02
-3.035461869209661359e+02
-3.192037716447721323e+02
-3.355834078030809451e+02
-3.527154560327396098e+02
-3.706314469698353946e+02
-3.893641227884475029e+02
-4.089474801111032320e+02
-4.294168143557309918e+02
-4.508087655458936069e+02
-4.731613656426925445e+02
-4.965140874485147151e+02
-5.209078951230045504e+02
-5.463852963746576279e+02
-5.729903963747834723e+02
-6.007689534544874732e+02
-6.297684366368158635e+02
-6.600380850667714867e+02
-6.916289694019003491e+02
-7.245940552225574720e+02
-7.589882685274884579e+02
-7.948685633905597570e+02
-8.322939918333451033e+02
-8.713257759955157553e+02
-9.120273826815222264e+02
-9.544646003422612921e+02
-9.987056185945077686e+02
-1.044821110336856918e+03
-1.092884316563188349e+03
-1.142971133955332562e+03
-1.195160205334329930e+03
-1.249533013087404242e+03
-1.306173975640492927e+03
-1.365170547085964245e+03
-1.426613320079117329e+03
-1.490596132087979186e+03
-1.557216175116075647e+03
-1.626574109019590423e+03
-1.698774178510667298e+03
-1.773924333998495285e+03
-1.852136356369518126e+03
-1.933525985839390160e+03
-2.018213055013053918e+03
-2.106321626292487053e+03
-2.197980133778787149e+03
-2.293321529778637796e+03
-2.392483436135578813e+03
-2.495608300463033174e+03
-2.602843557517633144e+03
-2.714341795803035893e+03
-2.830260929666084394e+03
-2.950764376967641056e+03
-3.076021242617578537e+03
-3.206206508042993391e+03
-3.341501226944449627e+03
-3.482092727366622512e+03
-3.628174820475898741e+03
-3.779948016123417347e+03
-3.937619745485175827e+03
-4.101404591062214422e+03
-4.271524524138704692e+03
-4.448209150160642821e+03
-4.631695962100912766e+03
-4.822230602200983412e+03
-5.020067132390663573e+03
-5.225468313509585641e+03
-5.438705893934495180e+03
-5.660060907587475413e+03
-5.889823981936722703e+03
-6.128295656147226509e+03
-6.375786709867893478e+03
-6.632618502901300417e+03
-6.899123326246376564e+03
-7.175644764835021306e+03
-7.462538072434797868e+03
-7.760170559078746919e+03
-8.068921991548176265e+03
-8.389185007342632161e+03
-8.721365542566898512e+03
-9.065883274327876279e+03
-9.423172078097137273e+03
-9.793680500666876469e+03
-1.017787224913849423e+04
-1.057622669665078683e+04
-1.098923940546419180e+04
-1.141742266789497808e+04
-1.186130606608409835e+04
-1.232143705082059387e+04
-1.279838154075302737e+04
-1.329272454214647405e+04
-1.380507079045235696e+04
-1.433604541434848397e+04
-1.488629462288316608e+04
-1.545648641724650770e+04
-1.604731132734883795e+04
-1.665948317485621737e+04
-1.729373986336815869e+04
-1.795084419698423153e+04
-1.863158472817778966e+04
-1.933677663657160156e+04
-2.006726263944069433e+04
-2.082391393568001513e+04
-2.160763118404288980e+04
-2.241934551791473859e+04
-2.326001959739003723e+04
-2.413064870045391217e+04
-2.503226185547718705e+04
-2.596592301587808834e+04
-2.693273227954495815e+04
-2.793382715489565817e+04
-2.897038387494982089e+04
-3.004361876266768741e+04
-3.115478964884129527e+04
-3.230519734570320725e+04
-3.349618717822368490e+04
-3.472915057627253555e+04
-3.600552672980162606e+04
-3.732680431124363531e+04
-3.869452326677930978e+04
-4.011027668072263623e+04
-4.157571271688064007e+04
-4.309253663966005115e+04
-4.466251291925329133e+04
-4.628746742597813136e+04
-4.796928971691780316e+04
-4.970993541984176409e+04
-5.151142872093270853e+04
-5.337586495879400172e+04
-5.530541333396054688e+04
-5.730231973602328799e+04
-5.936890969845887594e+04
-6.150759148561268375e+04
-6.372085931908992643e+04
-6.601129675350741309e+04
-6.838158020673705323e+04
-7.083448265604524931e+04
-7.337287750812269223e+04
-7.599974265307003225e+04
-7.871816471402873867e+04
-8.153134350259495841e+04
-8.444259669353268691e+04
-8.745536473078043491e+04
-9.057321597971607116e+04
-9.379985214087725035e+04
-9.713911394001581357e+04
-1.005949871136311413e+05
-1.041716087074324023e+05
-1.078732737087337446e+05
-1.117044420344286773e+05
-1.156697458959641808e+05
-1.197739975699954084e+05
-1.240221975997804548e+05
-1.284195434547658951e+05
-1.329714386857045465e+05
-1.376835026031796588e+05
-1.425615805215639120e+05
-1.476117546064967173e+05
-1.528403553690120752e+05
-1.582539738567725872e+05
-1.638594745908988989e+05
-1.696640093050783034e+05
-1.756750315515259863e+05
-1.819003122341596463e+05
-1.883479561503379664e+05
-1.950264196101171838e+05
-2.019445292322732857e+05
-2.091115020016073540e+05
-2.165369667003928334e+05
-2.242309868215024762e+05
-2.322040850975443027e+05
-2.404672697788011865e+05
-2.490320628151424171e+05
-2.579105301137330534e+05
-2.671153140552318655e+05
-2.766596684787435224e+05
-2.865574963649617857e+05
-2.968233904713999364e+05
-3.074726772034405731e+05
-3.185214640399284544e+05
-3.299866908599467133e+05
-3.418861855741072213e+05
-3.542387244924805709e+05
-3.670640979305653600e+05
-3.803831816097743576e+05
-3.942180144784118165e+05
-4.085918836623324896e+05
-4.235294173434806289e+05
-4.390566864861400099e+05
-4.552013164240056649e+05
-4.719926095037930645e+05
-4.894616801195187727e+05
-5.076416036699910183e+05
-5.265675812148042023e+05
-5.462771218604478054e+05
-5.668102452117684297e+05
-5.882097066180893453e+05
-6.105212483677851269e+05
-6.337938805029666983e+05
-6.580801955733553041e+05
-6.834367223645300837e+05
-7.099243245621490059e+05
-7.376086513949834043e+05
-7.665606486217326019e+05
-7.968571398327051429e+05
-8.285814900477759074e+05
-8.618243660170943476e+05
-8.966846106538628228e+05
-9.332702528792698868e+05
-9.716996788339300547e+05
-1.012102996533266385e+06
-1.054623633650846314e+06
-1.099420218006578041e+06
-1.146668803111643763e+06
-1.196565517761977622e+06
-1.249329740693390602e+06
-1.305207930521900998e+06
-1.364478280595234595e+06
-1.427456422000676626e+06
-1.494502471872285707e+06
-1.566029827459268272e+06
-1.642516253041123273e+06
-1.724518018046764657e+06
-1.812688155094918329e+06
-1.907800371255120030e+06
-2.010780856874563033e+06
-2.122751351733146701e+06
-2.245088626839006320e+06
-2.379508532284784596e+06
-2.528187921008833218e+06
-2.693947030828887597e+06
-2.880532398536144290e+06
-3.093075332140199840e+06
-3.338875853532564826e+06
-3.628836956309862435e+06
-3.980330420181643218e+06
-4.423655593200139701e+06
-5.019405070428362116e+06
-5.921019894047647715e+06
-7.808477043300436810e+06
nan
nan
nan
nan
nan
nan
nan
nan
nan
nan
nan
nan
nan
nan
nan
nan
nan
nan
nan
nan
nan
nan
nan
nan
nan
nan
nan
nan
nan
nan
nan
nan
nan
nan
nan
nan
nan
nan
nan
nan
nan
nan
nan
nan
nan
nan
nan
nan
nan
nan
nan
nan
nan
nan
nan
nan
nan
nan
nan
nan
nan
nan
nan
nan
nan
nan
nan
nan
nan
nan
nan
nan
nan
nan
nan
nan
nan
nan
