7.486050459231825466e-06
7.695791670674818162e-06
7.911644718152326586e-06
8.133695685761527578e-06
8.361647683231633845e-06
8.596087845830907570e-06
8.837226342500122041e-06
9.085155892419099561e-06
9.339853985432525075e-06
9.601942570918860041e-06
9.871182131927978923e-06
1.014798142686769826e-05
1.043265530428458840e-05
1.072516802160172984e-05
1.102589779788913146e-05
1.133513983785098742e-05
1.165310443736305121e-05
1.197967686819107220e-05
1.231567590316368237e-05
1.266109930816852507e-05
1.301613728760917343e-05
1.338117075271901968e-05
1.375653674329113487e-05
1.414227051888104311e-05
1.453887604262191018e-05
1.494682236119309460e-05
1.536579482235378658e-05
1.579672216763239515e-05
1.623975775886424318e-05
1.669530358878981412e-05
1.716350792271501081e-05
1.764477773104223881e-05
1.813978392551530560e-05
1.864846758544488615e-05
1.917129796275076571e-05
1.970903236633219318e-05
2.026172498271739170e-05
2.082997734588683833e-05
2.141420575053195002e-05
2.201464710261697040e-05
2.263211638547808757e-05
2.326676557431609025e-05
2.391934989086774986e-05
2.459022493779557632e-05
2.527986903173110123e-05
2.598888579711110567e-05
2.671751604731288537e-05
2.746690793829235699e-05
2.823711121325219066e-05
2.902910278190322369e-05
2.984329102911629822e-05
3.068028055218026699e-05
3.154063805979035303e-05
3.242514666758793465e-05
3.333458050373153348e-05
3.426920383761311622e-05
3.523030224112387902e-05
3.621843342256736539e-05
3.723419372367558610e-05
3.827849297182287679e-05
3.935180586486193902e-05
4.045545346792951181e-05
4.159010581474734505e-05
4.275655490400711147e-05
4.395548351587266669e-05
4.518823351647696304e-05
4.645557002355154186e-05
4.775845069457867543e-05
4.909780315748185392e-05
5.047452978820493559e-05
5.189030323490586010e-05
5.334555133826079714e-05
5.484151540345809752e-05
5.637950071400881272e-05
5.796065555923798489e-05
5.958624794459695063e-05
6.125717850287113484e-05
6.297502322023678138e-05
6.474129784550922454e-05
6.655698000735318638e-05
6.842354806054516735e-05
7.034224900974359572e-05
7.231513989426876436e-05
7.434309635602865480e-05
7.642811730082921370e-05
7.857133506987325905e-05
8.077506692569070917e-05
8.304032554823660684e-05
8.536912299912801532e-05
8.776324831553956451e-05
9.022454826235440264e-05
9.275471994808605152e-05
9.535610083396530920e-05
9.803019693169151636e-05
1.007794894189648332e-04
1.036059557818453058e-04
1.065113786569515757e-04
1.094983828494202444e-04
1.125692284880010338e-04
1.157263615110249420e-04
1.189717022434322378e-04
1.223082066263449490e-04
1.257384066898657520e-04
1.292647108730444582e-04
1.328897127801038414e-04
1.366167476471367135e-04
1.404479321566874835e-04
1.443867437704470966e-04
1.484360641527225492e-04
1.525987417839314172e-04
1.568784112315425774e-04
1.612780482782526215e-04
1.658010441071418556e-04
1.704507641454840270e-04
1.752308757126311680e-04
1.801451653345989752e-04
1.851973624972106703e-04
1.903909624267081512e-04
1.957303139620668732e-04
2.012194347774268286e-04
2.068626072504119954e-04
2.126639495887812305e-04
2.186280156948886748e-04
2.247593759500432801e-04
2.310624583457463713e-04
2.375423994523425514e-04
2.442041367876910730e-04
2.510527570401240916e-04
2.580933503182949182e-04
2.653313666345043296e-04
2.727724733793846922e-04
2.804221640917001950e-04
2.882863757187091938e-04
2.963711049218371949e-04
3.046825308572102624e-04
3.132271381988476714e-04
3.220113413094188555e-04
3.310418707155061155e-04
3.403256572383307537e-04
3.498699719285341221e-04
3.596818087716614461e-04
3.697687958252707826e-04
3.801385889034881744e-04
3.907992750405897466e-04
4.017587860262555833e-04
4.130258083295761497e-04
4.246087065160511053e-04
4.365164396071469287e-04
4.487579939188793146e-04
4.613430695494819683e-04
4.742807540971761887e-04
4.875814888456936943e-04
5.012552444605225012e-04
5.153124914844323372e-04
5.297636484637771852e-04
5.446203141451604057e-04
5.598937225733228995e-04
5.755952295810011629e-04
5.917370472940546890e-04
6.083314850289768755e-04
6.253914494750585076e-04
6.429296915425941139e-04
6.609598310287907296e-04
6.794956163774126638e-04
6.985509522789522382e-04
7.181409449666915175e-04
7.382799295236224576e-04
7.589840353069831225e-04
7.802684841575131033e-04
8.021499172198052552e-04
8.246449671951058260e-04
8.477708449619356752e-04
8.715449354971251074e-04
8.959859105758828917e-04
9.211123311234977341e-04
9.469432809348981780e-04
9.734985028605676891e-04
1.000798544429105756e-03
1.028863914086171642e-03
1.057716255700075041e-03
1.087377776163725137e-03
1.117871190098874024e-03
1.149219420932350326e-03
1.181446578343159012e-03
1.214577691624482399e-03
1.248637684460487778e-03
1.283652914673877148e-03
1.319649669214547271e-03
1.356655974154543070e-03
1.394700137962911080e-03
1.433810815945363347e-03
1.474018102487880278e-03
1.515352886260834010e-03
1.557846705736701167e-03
1.601532144616432240e-03
1.646442225269482019e-03
1.692611847247024390e-03
1.740075956023626799e-03
1.788870767054927084e-03
1.839033746146626590e-03
1.890603348687296733e-03
1.943618800912659365e-03
1.998120635371339673e-03
2.054150764495760347e-03
2.111751806600445976e-03
2.170967708093233129e-03
2.231844124735207595e-03
2.294427327712727539e-03
2.358764895439604582e-03
2.424906674813514205e-03
2.492902514188479086e-03
2.562805042201059952e-03
2.634667197327622383e-03
2.708544064210717701e-03
2.784491973128877008e-03
2.862569391927556085e-03
2.942835580746820841e-03
3.025352055830839333e-03
3.110182067001358852e-03
3.197389860883454067e-03
3.287042749521297894e-03
3.379208937041505018e-03
3.473958650713252893e-03
3.571364566535833486e-03
3.671501255918540891e-03
3.774444934153009350e-03
3.880274254107130699e-03
3.989070134632526424e-03
4.100915894130988115e-03
4.215896662866481549e-03
4.334100611364629513e-03
4.455617711303412262e-03
4.580541058034307000e-03
4.708965985952046421e-03
4.840990488148766077e-03
4.976715442345431596e-03
5.116244389204070708e-03
5.259684122239153409e-03
5.407144080490308008e-03
5.558737050970890062e-03
5.714578438980844402e-03
5.874787347431467514e-03
6.039486476856748692e-03
6.208800827749732035e-03
6.382860499987987393e-03
6.561797524139815173e-03
6.745749058181265898e-03
6.934855626488324945e-03
7.129260946984927218e-03
7.329113848405972159e-03
7.534566752935012435e-03
7.745776241975010565e-03
7.962903733159717307e-03
8.186114961133056367e-03
8.415579819467534917e-03
8.651473551229152403e-03
8.893976015729261261e-03
9.143272577178004207e-03
9.399552818032883006e-03
9.663012390093084908e-03
9.933852190801253229e-03
1.021227867132147062e-02
1.049850425275406472e-02
1.079274685030863316e-02
1.109523078144999259e-02
1.140618703933532485e-02
1.172585193576153317e-02
1.205446940109199117e-02
1.239228962992358976e-02
1.273957014891867294e-02
1.309657550695592261e-02
1.346357736062824689e-02
1.384085522719460774e-02
1.422869661727808703e-02
1.462739659106460435e-02
1.503725847299945684e-02
1.545859448918708405e-02
1.589172531290233489e-02
1.633698029765138712e-02
1.679469813868682965e-02
1.726522697568707784e-02
1.774892468030518644e-02
1.824615934498884789e-02
1.875730846705067276e-02
1.928276110790147491e-02
1.982291599373950039e-02
2.037818411567748206e-02
2.094898676660379364e-02
2.153575785863550557e-02
2.213894293506189076e-02
2.275899995463563641e-02
2.339639932155030549e-02
2.405162492920456113e-02
2.472517370964921052e-02
2.541755672177758302e-02
2.612929926470638695e-02
2.686094027267851500e-02
2.761303503471675830e-02
2.838615293493371161e-02
2.918088004238582681e-02
2.999781774570187132e-02
3.083758499484008653e-02
3.170081711708326588e-02
3.258816749707627025e-02
3.350030736129363390e-02
3.443792643421834943e-02
3.540173323556102675e-02
3.639245650731495751e-02
3.741084430539307060e-02
3.845766600231662058e-02
3.953371145876192344e-02
4.063979290510579684e-02
4.177674449521841943e-02
4.294542385142211677e-02
4.414671130508609348e-02
4.538151191515764349e-02
4.665075570358095947e-02
4.795539818268809706e-02
4.929642064361734743e-02
5.067483125936247945e-02
5.209166675313937900e-02
5.354799085669571801e-02
5.504489741326165642e-02
5.658350980640733385e-02
5.816498202120072569e-02
5.979049935960824291e-02
6.146127980897253540e-02
6.317857460010314896e-02
6.494366819544260261e-02
6.675788102630815513e-02
6.862256869179350627e-02
7.053912393367264833e-02
7.250897688010352060e-02
7.453359685740749974e-02
7.661449250793569976e-02
7.875321377408112111e-02
8.095135173137346651e-02
8.321054084043674748e-02
8.553245960436522966e-02
8.791883167421458978e-02
9.037142667359517045e-02
9.289206203462185840e-02
9.548260383968977527e-02
9.814496824235097172e-02
1.008811221923799628e-01
1.036930858098014385e-01
1.065829321184105505e-01
1.095527904898238314e-01
1.126048457595461433e-01
1.157413411214940624e-01
1.189645797796196197e-01
1.222769246533893239e-01
1.256808022103141076e-01
1.291787018979257962e-01
1.327731790302475734e-01
1.364668561169633809e-01
1.402624239530874672e-01
1.441626437567895547e-01
1.481703491337417189e-01
1.522884466800142889e-01
1.565199190087347147e-01
1.608678257443363069e-01
1.653353057916506774e-01
1.699255784139486747e-01
1.746419459380471884e-01
1.794877953662106784e-01
1.844666002203266819e-01
1.895819223949642696e-01
1.948374141094937340e-01
2.002368202305955525e-01
2.057839805545011169e-01
2.114828305715881207e-01
2.173374053298384179e-01
2.233518398952022144e-01
2.295303727817024630e-01
2.358773473732804771e-01
2.423972139390242475e-01
2.490945325425856227e-01
2.559739749210426796e-01
2.630403261562870854e-01
2.702984879802632356e-01
2.777534800053425568e-01
2.854104422594945234e-01
2.932746380619263848e-01
3.013514553531323470e-01
3.096464092914497090e-01
3.181651447393901710e-01
3.269134384412590855e-01
3.358972007582222696e-01
3.451224780447734175e-01
3.545954552878689547e-01
3.643224575663973064e-01
3.743099529885606236e-01
3.845645536400570386e-01
3.950930184972143988e-01
4.059022548177119161e-01
4.169993204322918201e-01
4.283914253141897222e-01
4.400859329657554331e-01
4.520903631178679882e-01
4.644123922338265764e-01
4.770598550546798489e-01
4.900407462665806180e-01
5.033632216736783072e-01
5.170355990394432943e-01
5.310663584519459413e-01
5.454641439006837622e-01
5.602377629473197507e-01
5.753961881152092062e-01
5.909485551895031774e-01
6.069041645873505253e-01
6.232724801931182057e-01
6.400631283012763184e-01
6.572858974327528969e-01
6.749507358398839640e-01
6.930677506903266671e-01
7.116472048650110960e-01
7.306995160268784373e-01
7.502352514263908034e-01
7.702651264087905236e-01
7.907999985135714116e-01
8.118508649388223031e-01
8.334288555543448718e-01
8.555452279108916036e-01
8.782113612573247963e-01
9.014387484948076512e-01
9.252389880915607989e-01
9.496237766751359777e-01
9.746048982910200387e-01
1.000194213544266519e+00
1.026403649481348435e+00
1.053245185569406273e+00
1.080730840925077096e+00
1.108872658920606602e+00
1.137682691647529110e+00
1.167172981738967108e+00
1.197355544338149613e+00
1.228242345897922805e+00
1.259845282810486911e+00
1.292176157785313251e+00
1.325246653929831764e+00
1.359068308447561213e+00
1.393652481900548912e+00
1.429010328023244014e+00
1.465152760041181335e+00
1.502090413611397501e+00
1.539833609571820805e+00
1.578392311748340493e+00
1.617776084216060006e+00
1.657994043165893938e+00
1.699054806982773780e+00
1.740966444636584232e+00
1.783736416560796956e+00
1.827371515656072365e+00
1.871877803119406103e+00
1.917260539386239859e+00
1.963524111788260029e+00
2.010671957342367033e+00
2.058706481434032121e+00
2.107628969865216639e+00
2.157439497337742651e+00
2.208136829827073377e+00
2.259718320418666160e+00
2.312179800386241268e+00
2.365515461779938100e+00
2.419717735965410732e+00
2.474777162448824619e+00
2.530682250888713458e+00
2.587419337045635537e+00
2.644972427731791420e+00
2.703323037859262534e+00
2.762450020852575960e+00
2.822329385005176938e+00
2.882934103588022268e+00
2.944233913053602603e+00
3.006195098628986706e+00
3.068780271962744166e+00
3.131948132327486256e+00
3.195653218083957192e+00
3.259845644457960656e+00
3.324470824818226866e+00
3.389469181289742838e+00
3.454775836006848344e+00
3.520320289431665195e+00
3.586026079607898875e+00
3.651810425174926156e+00
3.717583849564275233e+00
3.783249785619725358e+00
3.848704160154927223e+00
3.913834957374576984e+00
3.978521760984761624e+00
4.042635272729763862e+00
4.106036806173312570e+00
4.168577756083594821e+00
4.230099042482814653e+00
4.290430524858400929e+00
4.349390390447073429e+00
4.406784510645029407e+00
4.462405767333427420e+00
4.516033346212068977e+00
4.567431996289458951e+00
4.616351254805353577e+00
4.662524633250406225e+00
4.705668768062784224e+00
4.745482527481787116e+00
4.781646080129352328e+00
4.813819918266917242e+00
4.841643836179084559e+00
4.864735861079855894e+00
4.882691135742305732e+00
4.895080749142191934e+00
4.901450514665651070e+00
4.901319692266732808e+00
4.894179654190017104e+00
4.879492489194015015e+00
4.856689546239891797e+00
4.825169911701888026e+00
4.784298821822543957e+00
4.733406002289134662e+00
4.671783937437179013e+00
4.598686063129556523e+00
4.513324880947253703e+00
4.414869991745129951e+00
4.302446044191313490e+00
4.175130596196289012e+00
4.031951883433197992e+00
3.871886496316718329e+00
3.693856957064845403e+00
3.496729194457261602e+00
3.279309914912592827e+00
3.040343862435089584e+00
2.778510967402422871e+00
2.492423374592336316e+00
2.180622352091603933e+00
1.841575072509496813e+00
1.473671263458593117e+00
1.075219722728497196e+00
6.444446924977942359e-01
1.794820886362362700e-01
-3.216244218151800283e-01
-8.609274974091638555e-01
-1.440580363159222443e+00
-2.062841215749438462e+00
-2.730077804669914343e+00
-3.444772190937587020e+00
-4.209525690647738294e+00
-5.027064012811109706e+00
-5.900242593363478782e+00
-6.832052135452842734e+00
-7.825624361576553056e+00
-8.884237986788328101e+00
-1.001132491703381078e+01
-1.121047668394137808e+01
-1.248545112166524262e+01
-1.384017929517390044e+01
-1.527877268671856292e+01
-1.680553065260187395e+01
-1.842494815647482653e+01
-2.014172378710602018e+01
-2.196076807558509358e+01
-2.388721211492927310e+01
-2.592641649869339915e+01
-2.808398058352920756e+01
-3.036575209181729207e+01
-3.277783705869422448e+01
-3.532661014352265028e+01
-3.801872530969547626e+01
-4.086112688923530101e+01
-4.386106104478417933e+01
-4.702608763951057824e+01
-5.036409253055735036e+01
-5.388330029960425094e+01
-5.759228743333272860e+01
-6.149999596844612171e+01
-6.561574761983212056e+01
-6.994925840274993334e+01
-7.451065376852497479e+01
-7.931048426698392007e+01
-8.435974175808240716e+01
-8.966987618544391125e+01
-9.525281293031619612e+01
-1.011209707696677071e+02
-1.072872804518774501e+02
-1.137652039132718755e+02
-1.205687541551934885e+02
-1.277125158054209919e+02
-1.352116663806091310e+02
-1.430819982772640913e+02
-1.513399415150689720e+02
-1.600025872510459521e+02
-1.690877120973137551e+02
-1.786138032611793278e+02
-1.886000845408928228e+02
-1.990665431982962161e+02
-2.100339577410291838e+02
-2.215239266418542741e+02
-2.335588980272769106e+02
-2.461622003627026061e+02
-2.593580741733417767e+02
-2.731717048235634024e+02
-2.876292564024755052e+02
-3.027579067394432855e+02
-3.185858835951374317e+02
-3.351425020568655100e+02
-3.524582031875170287e+02
-3.705645939631786518e+02
-3.894944885369818053e+02
-4.092819508826989932e+02
-4.299623388520875551e+02
-4.515723496989281216e+02
-4.741500671173442356e+02
-4.977350098323326506e+02
-5.223681818120380740e+02
-5.480921241351891240e+02
-5.749509685819186871e+02
-6.029904929921851817e+02
-6.322581784576037762e+02
-6.628032684037532363e+02
-6.946768296191929721e+02
-7.279318153055013454e+02
-7.626231301962709495e+02
-7.988076978325733535e+02
-8.365445300496169239e+02
-8.758947987512168538e+02
-9.169219100478201199e+02
-9.596915808308352780e+02
-1.004271917868104424e+03
-1.050733499492787587e+03
-1.099149459983022098e+03
-1.149595576702561402e+03
-1.202150360110903421e+03
-1.256895146716691670e+03
-1.313914195093413809e+03
-1.373294785023659642e+03
-1.435127319907780020e+03
-1.499505432525128299e+03
-1.566526094259517549e+03
-1.636289727891098664e+03
-1.708900324099433874e+03
-1.784465561773210311e+03
-1.863096932243929132e+03
-1.944909867612874677e+03
-2.030023873251280747e+03
-2.118562664660528299e+03
-2.210654308789942661e+03
-2.306431369987354174e+03
-2.406031060737726875e+03
-2.509595397320711982e+03
-2.617271360566593557e+03
-2.729211061884777791e+03
-2.845571914723877399e+03
-2.966516811645178223e+03
-3.092214307209658273e+03
-3.222838806861255762e+03
-3.358570761983010016e+03
-3.499596871386159364e+03
-3.646110289407951768e+03
-3.798310840810802802e+03
-3.956405242805955368e+03
-4.120607334337071734e+03
-4.291138312922561454e+03
-4.468226979307684815e+03
-4.652109990199995991e+03
-4.843032119311271344e+03
-5.041246527064916336e+03
-5.247015039194561723e+03
-5.460608434603238493e+03
-5.682306742735784610e+03
-5.912399550826853556e+03
-6.151186321434228375e+03
-6.398976720423575898e+03
-6.656090956010049922e+03
-6.922860129031451834e+03
-7.199626595011990503e+03
-7.486744338347476514e+03
-7.784579358974433489e+03
-8.093510072205951474e+03
-8.413927721897693118e+03
-8.746236807641449559e+03
-9.090855526409466620e+03
-9.448216229220985042e+03
-9.818765893280307864e+03
-1.020296661022983972e+04
-1.060129609116438951e+04
-1.101424818884115848e+04
-1.144233343795682777e+04
-1.188607961393020742e+04
-1.234603231113102629e+04
-1.282275554106484560e+04
-1.331683235140176839e+04
-1.382886546660603199e+04
-1.435947795106085687e+04
-1.490931389541591489e+04
-1.547903912717092680e+04
-1.606934194651013422e+04
-1.668093388813507408e+04
-1.731455051040731632e+04
-1.797095221282524290e+04
-1.865092508272714258e+04
-1.935528177278568910e+04
-2.008486241030592282e+04
-2.084053553961983562e+04
-2.162319909925098182e+04
-2.243378143488726346e+04
-2.327324234978262029e+04
-2.414257419457914875e+04
-2.504280299770894999e+04
-2.597498963811934300e+04
-2.694023106293797900e+04
-2.793966155087079460e+04
-2.897445402447442757e+04
-3.004582141261454672e+04
-3.115501806581074925e+04
-3.230334122710346492e+04
-3.349213256020203698e+04
-3.472277973837244645e+04
-3.599671809645403118e+04
-3.731543234898834635e+04
-3.868045837788653444e+04
-4.009338509257134137e+04
-4.155585636665154743e+04
-4.306957305395499861e+04
-4.463629508887144038e+04
-4.625784367482652306e+04
-4.793610356480192422e+04
-4.967302543907325889e+04
-5.147062838572308829e+04
-5.333100248781892151e+04
-5.525631152381471475e+04
-5.724879578785591002e+04
-5.931077503392731887e+04
-6.144465155369744753e+04
-6.365291339275248174e+04
-6.593813771455033566e+04
-6.830299431887915125e+04
-7.075024932508486381e+04
-7.328276902819634415e+04
-7.590352393787138863e+04
-7.861559301243406662e+04
-8.142216809696790006e+04
-8.432655857927280886e+04
-8.733219627690572815e+04
-9.044264056762076507e+04
-9.366158378034716588e+04
-9.699285686084625195e+04
-1.004404353311980813e+05
-1.040084455589395948e+05
-1.077011713602468953e+05
-1.115230609537694108e+05
-1.154787342907070997e+05
-1.195729907879887032e+05
-1.238108174863543682e+05
-1.281973976680856722e+05
-1.327381199621719716e+05
-1.374385879716313211e+05
-1.423046304611956002e+05
-1.473423121434725181e+05
-1.525579451084272587e+05
-1.579581009427222889e+05
-1.635496235877022264e+05
-1.693396429973029299e+05
-1.753355896492488391e+05
-1.815452099823724129e+05
-1.879765828264256124e+05
-1.946381369074331014e+05
-2.015386695120038930e+05
-2.086873664059740258e+05
-2.160938231102027930e+05
-2.237680676494156360e+05
-2.317205848933081725e+05
-2.399623426352172100e+05
-2.485048195518161810e+05
-2.573600352163117495e+05
-2.665405823469293537e+05
-2.760596614964056062e+05
-2.859311184078164515e+05
-2.961694842892563902e+05
-3.067900192853467306e+05
-3.178087594587411731e+05
-3.292425676259150496e+05
-3.411091884410519269e+05
-3.534273081535337842e+05
-3.662166195324910805e+05
-3.794978925104450318e+05
-3.932930511455233209e+05
-4.076252576215354493e+05
-4.225190040496776928e+05
-4.380002129797519301e+05
-4.540963476240915479e+05
-4.708365329503882094e+05
-4.882516889605064644e+05
-5.063746776507467148e+05
-5.252404653994734399e+05
-5.448863027438594727e+05
-5.653519238622542471e+05
-5.866797683972947998e+05
-6.089152287064468255e+05
-6.321069261280683568e+05
-6.563070204481116962e+05
-6.815715574875960592e+05
-7.079608606059305603e+05
-7.355399729314983124e+05
-7.643791584794615628e+05
-7.945544717903889250e+05
-8.261484076947668800e+05
-8.592506451442098478e+05
-8.939589019320266088e+05
-9.303799208213896491e+05
-9.686306121002011932e+05
-1.008839383372456068e+06
-1.051147694709703326e+06
-1.095711886644818122e+06
-1.142705340677392669e+06
-1.192321047660136828e+06
-1.244774680270529352e+06
-1.300308293332016096e+06
-1.359194812691501575e+06
-1.421743523678800557e+06
-1.488306839069138514e+06
-1.559288722609174205e+06
-1.635155279935745057e+06
-1.716448223523788154e+06
-1.803802203030542005e+06
-1.897967416132332524e+06
-1.999839559838634683e+06
-2.110500186212691478e+06
-2.231272133077260107e+06
-2.363797348609772976e+06
-2.510148947889549658e+06
-2.672997362835346721e+06
-2.855865364822285250e+06
-3.063536036645054817e+06
-3.302739220146951731e+06
-3.583381725074190646e+06
-3.920938752917926759e+06
-4.341639557126861997e+06
-4.895615272539839149e+06
-5.699604430821851827e+06
-7.162748279496212490e+06
nan
nan
nan
nan
nan
nan
nan
nan
nan
nan
nan
nan
nan
nan
nan
nan
nan
nan
nan
nan
nan
nan
nan
nan
nan
nan
nan
nan
nan
nan
nan
nan
nan
nan
nan
nan
nan
nan
nan
nan
nan
nan
nan
nan
nan
nan
nan
nan
nan
nan
nan
nan
nan
nan
nan
nan
nan
nan
nan
nan
nan
nan
nan
nan
nan
nan
nan
nan
nan
nan
nan
nan
nan
nan
nan
nan
nan
nan
nan
nan
nan
nan
nan
nan
nan
nan
nan
nan
nan
nan
nan
nan
nan
nan
nan
nan
nan
nan
nan
nan
nan
nan
nan
nan
nan
nan
nan
nan
nan
nan
nan
nan
nan
nan
nan
nan
nan
nan
nan
nan
nan
nan
nan
nan
nan
nan
nan
nan
nan
nan
nan
nan
nan
nan
nan
nan
nan
nan
nan
nan
nan
nan
nan
nan
nan
nan
nan
nan
nan
nan
nan
nan
nan
nan
nan
nan
nan
nan
nan
nan
nan
