6.279330395296112128e-06
6.455662715700737903e-06
6.636591406858400628e-06
6.822712788738018253e-06
7.013988750146486038e-06
7.210771557898694875e-06
7.413044559127969281e-06
7.620932085744918449e-06
7.834703499147757080e-06
8.054274150513459246e-06
8.280214975696283683e-06
8.512499000751576567e-06
8.751260852033718946e-06
8.996549308092249405e-06
9.248836573192123877e-06
9.508266427218192680e-06
9.774910408416455457e-06
1.004902718615638853e-05
1.033081531352762806e-05
1.062066689551600029e-05
1.091842319553569234e-05
1.122463237827477537e-05
1.153955612735243369e-05
1.186317086654640588e-05
1.219567744054153218e-05
1.253775731666369035e-05
1.288933147240968889e-05
1.325080808255537211e-05
1.362259987982262390e-05
1.400462144805643993e-05
1.439730677227189312e-05
1.480111041030615149e-05
1.521626318185207921e-05
1.564303608072376212e-05
1.608174189189220282e-05
1.653275034224167204e-05
1.699623864131825896e-05
1.747296074265158723e-05
1.796299264435680988e-05
1.846675582575550776e-05
1.898451455061074097e-05
1.951714721832579328e-05
2.006439258916927257e-05
2.062712436512180209e-05
2.120560190061313285e-05
2.180023575760944030e-05
2.241159852325102383e-05
2.304018336994637656e-05
2.368641904407494544e-05
2.435068091717289190e-05
2.503355227323735081e-05
2.573559140926334868e-05
2.645733987454794005e-05
2.719933882630950648e-05
2.796214136330857212e-05
2.874633143790205532e-05
2.955252995139200545e-05
3.038142015732919887e-05
3.123324986318486786e-05
3.210937141547878343e-05
3.300972413602231971e-05
3.393563684966498283e-05
3.488731434873484731e-05
3.586562750287803790e-05
3.687137327369327934e-05
3.790554239264289495e-05
3.896858781235400487e-05
4.006145174016565499e-05
4.118482867356743933e-05
4.233994591364002077e-05
4.352732097606806994e-05
4.474804715162233421e-05
4.600306008061185180e-05
4.729316320968551525e-05
4.861955439466933546e-05
4.998309486837001499e-05
5.138483753381834840e-05
5.282581008459652689e-05
5.430728183638396328e-05
5.583029890306840607e-05
5.739620804364708567e-05
5.900568884634163662e-05
6.066053569439712440e-05
6.236168531211380109e-05
6.411075130487715163e-05
6.590855388767569471e-05
6.775716292824558371e-05
6.965716475235764476e-05
7.161072294238867960e-05
7.361909241467186338e-05
7.568366807486059662e-05
7.780627403901887388e-05
7.998820026560065960e-05
8.223149798106626053e-05
8.453776608294109613e-05
8.690844683883228129e-05
8.934587798061097640e-05
9.185157479744083056e-05
9.442753864195101133e-05
9.707580034389249311e-05
9.979822269180346967e-05
1.025970518228562620e-04
1.054742154362618613e-04
1.084321318577841938e-04
1.114732695408702091e-04
1.145994372380907230e-04
1.178133667388069170e-04
1.211172547111045837e-04
1.245140894889909457e-04
1.280059459709056307e-04
1.315958253048548417e-04
1.352864530198679078e-04
1.390806082802072672e-04
1.429809422412147292e-04
1.469908062343652127e-04
1.511130688086448728e-04
1.553509510337828213e-04
1.597078556938314191e-04
1.641866916120528956e-04
1.687912214531930811e-04
1.735251369307906025e-04
1.783914015306627707e-04
1.833943460523534117e-04
1.885377597115126533e-04
1.938249817581418706e-04
1.992607670658273463e-04
2.048491222535428502e-04
2.105939144495432361e-04
2.164999898759338137e-04
2.225717727640648359e-04
2.288136348567938370e-04
2.352305159514217058e-04
2.418275427585185090e-04
2.486093973185596762e-04
2.555817080864042942e-04
2.627494145672541704e-04
2.701181706198617903e-04
2.776934671379918890e-04
2.854812873984810171e-04
2.934874973172490586e-04
3.017182467791502021e-04
3.101796238021694782e-04
3.188785739149669609e-04
3.278212967888195989e-04
3.370149323544563446e-04
3.464664737760926030e-04
3.561829464489502171e-04
3.661718450023022757e-04
3.764410729288835637e-04
3.869981271348156386e-04
3.978513070108579894e-04
4.090089162869992761e-04
4.204794695774270968e-04
4.322716633837891129e-04
4.443943423789910720e-04
4.568572409577687865e-04
4.696697032801300741e-04
4.828411801263055481e-04
4.963822354153402897e-04
5.103030367033902556e-04
5.246143814529872140e-04
5.393269581822060163e-04
5.544518750588059821e-04
5.700012044821576532e-04
5.859867640532643793e-04
6.024204174056718708e-04
6.193148989482963763e-04
6.366831184682611097e-04
6.545387456222936983e-04
6.728947905517315524e-04
6.917657070585054961e-04
7.111659979325861067e-04
7.311100685667521956e-04
7.516136250538715509e-04
7.726922916000482063e-04
7.943617638156627841e-04
8.166392264106302331e-04
8.395412547292036226e-04
8.630857706374317788e-04
8.872904589500977580e-04
9.121737501300273849e-04
9.377550238516893641e-04
9.640538455712793168e-04
9.910899605981861836e-04
1.018884307846686793e-03
1.047458294897429636e-03
1.076833326519303479e-03
1.107032374912626099e-03
1.138078286263671671e-03
1.169994616991504484e-03
1.202806248660753287e-03
1.236537989466017810e-03
1.271215719397972635e-03
1.306865796900313903e-03
1.343515724716904964e-03
1.381193343740836103e-03
1.419927547204771377e-03
1.459748255296837785e-03
1.500685416396990105e-03
1.542770787195941193e-03
1.586036214003070342e-03
1.630514961838990407e-03
1.676241042765927707e-03
1.723249584231059629e-03
1.771576213388860585e-03
1.821257966730636469e-03
1.872333236765627833e-03
1.924840718610595219e-03
1.978820414076213046e-03
2.034314147951195740e-03
2.091364105236830171e-03
2.150013668056215913e-03
2.210308019692315291e-03
2.272293274992178650e-03
2.336016656200978758e-03
2.401527192570040731e-03
2.468874705110335813e-03
2.538110579178640483e-03
2.609288318654959596e-03
2.682461886550821170e-03
2.757687338990032211e-03
2.835022492046126476e-03
2.914526127511704069e-03
2.996259251287373103e-03
3.080284371137543414e-03
3.166665593729263602e-03
3.255469249977111911e-03
3.346763066368128869e-03
3.440616639151748094e-03
3.537102462079268813e-03
3.636293475160264077e-03
3.738266216223995811e-03
3.843098465022014472e-03
3.950869984929950181e-03
4.061663808850634987e-03
4.175564318675932529e-03
4.292658648407802688e-03
4.413036646240398389e-03
4.536789886065256162e-03
4.664013261221813117e-03
4.794803877343491519e-03
4.929262274434681804e-03
5.067490454701823084e-03
5.209595003502697289e-03
5.355683751957624611e-03
5.505869048104577654e-03
5.660265580914779215e-03
5.818991041890049509e-03
5.982167126307360444e-03
6.149918604335036752e-03
6.322373737780810458e-03
6.499664277460071027e-03
6.681925565579100931e-03
6.869297471942032232e-03
7.061922922695744453e-03
7.259949285277041489e-03
7.463527858681004087e-03
7.672814204812353732e-03
7.887968609798311215e-03
8.109155371705062398e-03
8.336543492703591546e-03
8.570306957487141414e-03
8.810624394460130765e-03
9.057679356364105663e-03
9.311660988916291987e-03
9.572763311229585265e-03
9.841185895293763294e-03
1.011713368036364254e-02
1.040081792890334283e-02
1.069245531941243055e-02
1.099226845811472619e-02
1.130048703465947983e-02
1.161734611972913521e-02
1.194308791470330595e-02
1.227796163141153460e-02
1.262222280985783596e-02
1.297613482229646557e-02
1.333996803626933715e-02
1.371400018317552733e-02
1.409851717181741931e-02
1.449381282974275195e-02
1.490018911406926043e-02
1.531795653415763021e-02
1.574743427382613650e-02
1.618895029656676129e-02
1.664284192507436977e-02
1.710945565179957176e-02
1.758914819938126040e-02
1.808228555666903381e-02
1.858924479494509022e-02
1.911041262236353594e-02
1.964618722326556474e-02
2.019697786235754786e-02
2.076320477374819784e-02
2.134530060207116137e-02
2.194370962319094898e-02
2.255888854198457097e-02
2.319130734740525515e-02
2.384144849205472455e-02
2.450980815852837891e-02
2.519689662541402600e-02
2.590323822361487519e-02
2.662937216872909157e-02
2.737585225540196260e-02
2.814324820099966401e-02
2.893214536809820062e-02
2.974314590481764997e-02
3.057686854560750025e-02
3.143394884001277784e-02
3.231504058026194587e-02
3.322081617941725906e-02
3.415196600327159021e-02
3.510919995057967119e-02
3.609324826840235034e-02
3.710486086241788356e-02
3.814480889743084024e-02
3.921388542102321323e-02
4.031290478063649652e-02
4.144270487837417583e-02
4.260414623123506828e-02
4.379811390151572281e-02
4.502551777771245101e-02
4.628729223278343213e-02
4.758439870325718857e-02
4.891782491430918950e-02
5.028858604399875920e-02
5.169772560764182567e-02
5.314631655148779887e-02
5.463546134796306436e-02
5.616629310328671854e-02
5.773997696503176125e-02
5.935770956648145358e-02
6.102072208340111187e-02
6.273027861554984763e-02
6.448767997710345978e-02
6.629426161013422802e-02
6.815139695947217136e-02
7.006049728133292853e-02
7.202301369343891424e-02
7.404043698004902918e-02
7.611429918812909201e-02
7.824617554588716994e-02
8.043768471721354785e-02
8.269049018768158399e-02
8.500630156780321356e-02
8.738687607905640253e-02
8.983401951383884754e-02
9.234958771733622895e-02
9.493548834586292007e-02
9.759368121836675680e-02
1.003261807831880431e-01
1.031350572418195249e-01
1.060224381129122317e-01
1.089905097910974646e-01
1.120415188695361858e-01
1.151777740507173298e-01
1.184016481539936494e-01
1.217155792980382650e-01
1.251220725174610471e-01
1.286237029136196586e-01
1.322231153177458041e-01
1.359230288545847376e-01
1.397262361035664924e-01
1.436356075264121068e-01
1.476540926108026730e-01
1.517847210964032578e-01
1.560306068486900233e-01
1.603949488795084755e-01
1.648810338925932872e-01
1.694922393809747685e-01
1.742320348366162286e-01
1.791039849189085542e-01
1.841117521146550806e-01
1.892590989806819668e-01
1.945498910433029194e-01
1.999880994073951757e-01
2.055778036739434878e-01
2.113231944823771025e-01
2.172285770152911910e-01
2.232983732807556632e-01
2.295371265360591495e-01
2.359495026505307458e-01
2.425402945452580505e-01
2.493144252549786000e-01
2.562769514936519832e-01
2.634330665339947863e-01
2.707881045403162101e-01
2.783475439340094559e-01
2.861170103851725655e-01
2.941022820826849071e-01
3.023092923364064655e-01
3.107441346766769419e-01
3.194130657789998606e-01
3.283225108791510971e-01
3.374790669817390731e-01
3.468895075776306514e-01
3.565607876968214240e-01
3.665000479110954168e-01
3.767146187436889448e-01
3.872120263242433413e-01
3.979999964407126556e-01
4.090864601592603678e-01
4.204795579011576523e-01
4.321876463880130470e-01
4.442193016111439241e-01
4.565833264984144324e-01
4.692887549725882623e-01
4.823448580077583925e-01
4.957611494626698589e-01
5.095473915391732778e-01
5.237136013617241792e-01
5.382700563369678948e-01
5.532273005381170838e-01
5.685961512805706164e-01
5.843877050982496657e-01
6.006133444088682660e-01
6.172847442355636760e-01
6.344138780384778187e-01
6.520130258892169461e-01
6.700947802064902703e-01
6.886720530417086428e-01
7.077580839660432277e-01
7.273664452954320403e-01
7.475110516424636753e-01
7.682061656419889584e-01
7.894664060723197707e-01
8.113067551987411807e-01
8.337425656201592483e-01
8.567895696872032119e-01
8.804638853192300330e-01
9.047820245051554355e-01
9.297609008763071392e-01
9.554178381449098811e-01
9.817705772809932618e-01
1.008837283784911776e+00
1.036636557181155993e+00
1.065187437360164191e+00
1.094509412619134592e+00
1.124622428410098518e+00
1.155546893801371766e+00
1.187303689687068564e+00
1.219914176158219510e+00
1.253400200444598767e+00
1.287784103141057512e+00
1.323088726438162110e+00
1.359337420655026385e+00
1.396554050865354890e+00
1.434763003415916449e+00
1.473989192801386405e+00
1.514258066635963074e+00
1.555595611919501575e+00
1.598028360690201488e+00
1.641583393831094639e+00
1.686288346475527833e+00
1.732171411183581755e+00
1.779261342208697361e+00
1.827587457328288867e+00
1.877179640433805474e+00
1.928068343318640077e+00
1.980284585553133470e+00
2.033859954694966277e+00
2.088826605896305644e+00
2.145217258399193305e+00
2.203065193619701212e+00
2.262404250324872912e+00
2.323268819268331509e+00
2.385693835934045826e+00
2.449714773190198258e+00
2.515367630160711965e+00
2.582688921632430024e+00
2.651715664361564251e+00
2.722485362194868586e+00
2.795035987898768060e+00
2.869405964312806478e+00
2.945634142684231627e+00
3.023759777489635869e+00
3.103822499879687502e+00
3.185862286964355139e+00
3.269919429669318145e+00
3.356034495415733954e+00
3.444248288049657880e+00
3.534601804904053068e+00
3.627136187951303548e+00
3.721892672343470210e+00
3.818912529925282406e+00
3.918237006845697756e+00
4.019907257153283453e+00
4.123964271481551869e+00
4.230448797413576933e+00
4.339401255360614051e+00
4.450861648935200421e+00
4.564869465030076512e+00
4.681463569112064960e+00
4.800682091612087810e+00
4.922562305301641850e+00
5.047140494928257226e+00
5.174451816323712983e+00
5.304530145155338161e+00
5.437407916043549783e+00
5.573115949645455203e+00
5.711683267016413268e+00
5.853136892681369829e+00
5.997501642655043597e+00
6.144799898226695589e+00
6.295051366292172546e+00
6.448272820720122311e+00
6.604477829141179868e+00
6.763676459645675543e+00
6.925874970368759875e+00
7.091075476169462100e+00
7.259275597035040661e+00
7.430468080850900492e+00
7.604640404499463990e+00
7.781774347731856167e+00
7.961845541561606510e+00
8.144822987345218479e+00
8.330668547014195013e+00
8.519336401075443987e+00
8.710772472568390157e+00
8.904913816958011097e+00
9.101687973804946097e+00
9.301012279279831318e+00
9.502793138589616717e+00
9.706925251622665840e+00
9.913290795511477071e+00
1.012175855635635635e+01
1.033218300992693273e+01
1.054440334959008574e+01
1.075824245482674968e+01
1.097350580128835240e+01
1.118998030569221669e+01
1.140743310607626881e+01
1.162561026948590737e+01
1.184423542634682747e+01
1.206300832622432395e+01
1.228160331273431893e+01
1.249966770900616453e+01
1.271682011506212717e+01
1.293264860671429695e+01
1.314670883582147098e+01
1.335852202244936038e+01
1.356757283591019458e+01
1.377330715960018281e+01
1.397512973118971402e+01
1.417240165325087986e+01
1.436443776854410004e+01
1.455050389149789325e+01
1.472981388918056744e+01
1.490152660577859400e+01
1.506474261990351948e+01
1.521850082896912326e+01
1.536177485030205148e+01
1.549346923281793309e+01
1.561241546589483065e+01
1.571736777824253828e+01
1.580699871708629622e+01
1.587989449570230072e+01
1.593455009808628731e+01
1.596936413062523386e+01
1.598263340799075571e+01
1.597254725930729791e+01
1.593718154609059212e+01
1.587449237113312428e+01
1.578230947317673660e+01
1.565832928379879085e+01
1.550010763860074547e+01
1.530505212099518175e+01
1.507041402900970439e+01
1.479327993920057338e+01
1.447056285751596860e+01
1.409899293643237961e+01
1.367510773654945666e+01
1.319524201681826270e+01
1.265551703125447780e+01
1.205182930946407716e+01
1.137983890225856420e+01
1.063495706633727522e+01
9.812333366444585536e+00
8.906842170327777808e+00
7.913068510973680247e+00
6.825293290645795707e+00
5.637477797849582473e+00
4.343247514438472123e+00
2.935875176486778315e+00
1.408263068584661326e+00
-2.470754868540687710e-01
-2.038035473230916494e+00
-3.972940388320912675e+00
-6.060563348933458272e+00
-8.310149135548902777e+00
-1.073143719791813488e+01
-1.333468566998900329e+01
-1.613069642488349942e+01
-1.913084121150406602e+01
-2.234708890941447734e+01
-2.579203394627101531e+01
-2.947892591411898167e+01
-3.342170043244324518e+01
-3.763501129850598659e+01
-4.213426397146322699e+01
-4.693565043342947263e+01
-5.205618548013704583e+01
-5.751374448171533516e+01
-6.332710267125656145e+01
-6.951597600619248851e+01
-7.610106365389722782e+01
-8.310409216103757046e+01
-9.054786135193560881e+01
-9.845629201890434956e+01
-1.068544754555636018e+02
-1.157687248978207037e+02
-1.252266289219583655e+02
-1.352571068732625292e+02
-1.458904663741574836e+02
-1.571584629824845933e+02
-1.690943620679597359e+02
-1.817330029605818140e+02
-1.951108654538030294e+02
-2.092661387160551953e+02
-2.242387926975385142e+02
-2.400706520901284193e+02
-2.568054729215826910e+02
-2.744890218589197843e+02
-2.931691582964273834e+02
-3.128959193067395290e+02
-3.337216075416811236e+02
-3.557008821551968367e+02
-3.788908528415598767e+02
-4.033511770741844771e+02
-4.291441606292795541e+02
-4.563348614934239436e+02
-4.849911972362763208e+02
-5.151840559630456937e+02
-5.469874109243123712e+02
-5.804784388984203360e+02
-6.157376424459469035e+02
-6.528489761449299067e+02
-6.918999769100504409e+02
-7.329818985203196462e+02
-7.761898504643999104e+02
-8.216229412212976513e+02
-8.693844261070771609e+02
-9.195818598138046127e+02
-9.723272537707982792e+02
-1.027737238463352014e+03
-1.085933230848482935e+03
-1.147041607027876807e+03
-1.211193880306992469e+03
-1.278526884805972031e+03
-1.349182964798964349e+03
-1.423310169909001615e+03
-1.501062456389170620e+03
-1.582599894607403940e+03
-1.668088882979617438e+03
-1.757702368496012241e+03
-1.851620074081876282e+03
-1.950028732968901522e+03
-2.053122330310596226e+03
-2.161102352275792327e+03
-2.274178042827754325e+03
-2.392566668469853084e+03
-2.516493791154869086e+03
-2.646193549703220924e+03
-2.781908949911834043e+03
-2.923892163729670301e+03
-3.072404837709601452e+03
-3.227718411128493244e+03
-3.390114444043960248e+03
-3.559884955625252587e+03
-3.737332773156976145e+03
-3.922771892015921367e+03
-4.116527847042908434e+03
-4.318938095717281612e+03
-4.530352413486354635e+03
-4.751133301751464387e+03
-4.981656408926029144e+03
-5.222310965026036683e+03
-5.473500230307757192e+03
-5.735641958455847998e+03
-6.009168874850212887e+03
-6.294529170439473091e+03
-6.592187011904357860e+03
-6.902623068563646484e+03
-7.226335056800660823e+03
-7.563838302617124100e+03
-7.915666322937573568e+03
-8.282371426557214363e+03
-8.664525335301234009e+03
-9.062719826339065548e+03
-9.477567396373176962e+03
-9.909701948646657911e+03
-1.035977950365173638e+04
-1.082847893446763737e+04
-1.131650272775680787e+04
-1.182457777143473322e+04
-1.235345617013566880e+04
-1.290391608956651544e+04
-1.347676263109800857e+04
-1.407282873754198408e+04
-1.469297613185417140e+04
-1.533809628980100206e+04
-1.600911144829041768e+04
-1.670697565057380780e+04
-1.743267583046014261e+04
-1.818723293666364043e+04
-1.897170309938799619e+04
-1.978717884105300618e+04
-2.063479033291245287e+04
-2.151570669971288953e+04
-2.243113737486885657e+04
-2.338233350786890878e+04
-2.437058942702416243e+04
-2.539724415939577739e+04
-2.646368301153103675e+04
-2.757133921261622527e+04
-2.872169562444294206e+04
-2.991628652024824987e+04
-3.115669943638445693e+04
-3.244457710028315341e+04
-3.378161943841572065e+04
-3.516958566815911036e+04
-3.661029647807494621e+04
-3.810563630077757989e+04
-3.965755568348496308e+04
-4.126807376073028718e+04
-4.293928083527320268e+04
-4.467334107260387100e+04
-4.647249531499687146e+04
-4.833906402122529835e+04
-5.027545034004704939e+04
-5.228414332315436332e+04
-5.436772128640142910e+04
-5.652885532713537395e+04
-5.877031300671978534e+04
-6.109496220751575311e+04
-6.350577517451605672e+04
-6.600583275232798769e+04
-6.859832882868540764e+04
-7.128657499750913121e+04
-7.407400545461702859e+04
-7.696418213860485412e+04
-7.996080013552210585e+04
-8.306769335954095004e+04
-8.628884053004723683e+04
-8.962837146296937135e+04
-9.309057369630191533e+04
-9.667989947210787795e+04
-1.004009730972712714e+05
-1.042585987116497126e+05
-1.082577684847899218e+05
-1.124036712782691029e+05
-1.167017017985788116e+05
-1.211574702796024067e+05
-1.257768127305777161e+05
-1.305658017897672398e+05
-1.355307582268854894e+05
-1.406782631452845235e+05
-1.460151709315252083e+05
-1.515486230117314553e+05
-1.572860624760366045e+05
-1.632352496348750428e+05
-1.694042785863663303e+05
-1.758015948694293329e+05
-1.824360142908147536e+05
-1.893167430266943411e+05
-1.964533990984231350e+05
-2.038560353390617820e+05
-2.115351639830062632e+05
-2.195017830096867401e+05
-2.277674044045266928e+05
-2.363440845005983720e+05
-2.452444565942137560e+05
-2.544817660382633621e+05
-2.640699080510170315e+05
-2.740234684878927073e+05
-2.843577678736085654e+05
-2.950889090015775291e+05
-3.062338284633987932e+05
-3.178103525023416150e+05
-3.298372576397198136e+05
-3.423343365660081035e+05
-3.553224698681090376e+05
-3.688237042177861440e+05
-3.828613377408807864e+05
-3.974600133720848826e+05
-4.126458211146088433e+05
-4.284464102466034819e+05
-4.448911126629611827e+05
-4.620110787056164118e+05
-4.798394270364372642e+05
-4.984114103431660915e+05
-5.177645989248707192e+05
-5.379390845283054514e+05
-5.589777071935620625e+05
-5.809263082899082219e+05
-6.038340134762758389e+05
-6.277535499337910442e+05
-6.527416029979657615e+05
-6.788592182027025847e+05
-7.061722558987741359e+05
-7.347519068981127348e+05
-7.646752792947033886e+05
-7.960260685794015881e+05
-8.288953256971795345e+05
-8.633823407478566514e+05
-8.995956639313846827e+05
-9.376542901388783939e+05
-9.776890398160659242e+05
-1.019844176451807609e+06
-1.064279311213788576e+06
-1.111171658211811213e+06
-1.160718720940355677e+06
-1.213141512933735037e+06
-1.268688445556922816e+06
-1.327640056239209371e+06
-1.390314805370144080e+06
-1.457076245905441931e+06
-1.528341975841999287e+06
-1.604594934373864438e+06
-1.686397820022100117e+06
-1.774411728694707854e+06
-1.869420588921049144e+06
-1.972363705998919671e+06
-2.084379880938765127e+06
-2.206868433871562127e+06
-2.341575568860202096e+06
-2.490719885936995037e+06
-2.657180519246578217e+06
-2.844789679000789765e+06
-3.058808062075912021e+06
-3.306740512866682373e+06
-3.599834567253127694e+06
-3.956090853194183204e+06
-4.407097406306052580e+06
-5.016604764033423737e+06
-5.948715637142797001e+06
-7.967116852615137585e+06
nan
nan
nan
nan
nan
nan
nan
nan
nan
nan
nan
nan
nan
nan
nan
nan
nan
nan
nan
nan
nan
nan
nan
nan
nan
nan
nan
nan
nan
nan
nan
nan
nan
nan
nan
nan
nan
nan
nan
nan
nan
nan
nan
nan
nan
nan
nan
nan
nan
nan
nan
nan
nan
nan
nan
nan
nan
nan
nan
nan
nan
nan
nan
nan
nan
nan
nan
nan
nan
nan
nan
nan
nan
nan
nan
nan
nan
nan
nan
nan
nan
nan
nan
nan
nan
nan
nan
nan
nan
nan
nan
nan
nan
nan
nan
nan
nan
nan
nan
nan
nan
nan
nan
nan
nan
nan
nan
nan
nan
nan
nan
nan
nan
nan
nan
nan
nan
nan
nan
nan
nan
nan
nan
nan
nan
nan
nan
nan
nan
nan
nan
nan
nan
nan
nan
nan
nan
nan
nan
nan
nan
nan
nan
nan
nan
nan
nan
nan
nan
nan
nan
nan
nan
nan
nan
nan
nan
nan
nan
nan
nan
nan
nan
