-3.060027133225972539e-05
-3.145859860110810356e-05
-3.234081595250281471e-05
-3.324784884067583796e-05
-3.418013097827815149e-05
-3.513885263539059673e-05
-3.612418148137280517e-05
-3.713726760119540104e-05
-3.817896422144984861e-05
-3.924956051982478550e-05
-4.035028188562972493e-05
-4.148200782189311042e-05
-4.264526252323440906e-05
-4.384119646991323054e-05
-4.507082372259326862e-05
-4.633474169581242713e-05
-4.763438038610103389e-05
-4.897021229247806466e-05
-5.034350429462247493e-05
-5.175553219865730386e-05
-5.320681355990730015e-05
-5.469909573374598952e-05
-5.623306842376194495e-05
-5.781010463911793096e-05
-5.943148095684209565e-05
-6.109810349511290105e-05
-6.281174090157151809e-05
-6.457323451033878054e-05
-6.638424053961923554e-05
-6.824594015659535100e-05
-7.015977046634312687e-05
-7.212738864454368065e-05
-7.415040396353224839e-05
-7.622983421606962726e-05
-7.836783919659478723e-05
-8.056542870199148016e-05
-8.282493934817768426e-05
-8.514774658586435514e-05
-8.753572752093029393e-05
-8.999073290936420420e-05
-9.251454817971260325e-05
-9.510910430960952061e-05
-9.777644649768763908e-05
-1.005186875070602495e-04
-1.033377207596563756e-04
-1.062356781864565256e-04
-1.092151464914664898e-04
-1.122781058813432283e-04
-1.154269017284411861e-04
-1.186641941573011452e-04
-1.219921507801697153e-04
-1.254134129191083569e-04
-1.289305371551489475e-04
-1.325464465011674342e-04
-1.362636248455958033e-04
-1.400853173615392543e-04
-1.440139661194227898e-04
-1.480529157710900614e-04
-1.522050924915569858e-04
-1.564736972621594323e-04
-1.608621479637117641e-04
-1.653735055026717756e-04
-1.700114189906893345e-04
-1.747795531706301938e-04
-1.796812635794870156e-04
-1.847202812781061196e-04
-1.899008923518502438e-04
-1.952268515082486542e-04
-2.007020606549311684e-04
-2.063307393091411265e-04
-2.121173433334937175e-04
-2.180662260616226774e-04
-2.241820563131046947e-04
-2.304694731232032317e-04
-2.369329956479350029e-04
-2.435779387938707421e-04
-2.504092975760024075e-04
-2.574321612085838469e-04
-2.646518573397897353e-04
-2.720740945781103962e-04
-2.797046062321927864e-04
-2.875492876375012816e-04
-2.956138288272858465e-04
-3.039043476405080377e-04
-3.124275296793610230e-04
-3.211899877013727205e-04
-3.301978878254488567e-04
-3.394585737818995447e-04
-3.489789290091536815e-04
-3.587664868836626733e-04
-3.688282804447074684e-04
-3.791724634548832430e-04
-3.898068889426483611e-04
-4.007392150924775202e-04
-4.119784958049232861e-04
-4.235327622900925495e-04
-4.354113556985870354e-04
-4.476230049382350627e-04
-4.601771442319609376e-04
-4.730832330574381590e-04
-4.863515716710702834e-04
-4.999918462685198645e-04
-5.140149395861116346e-04
-5.284312183327609380e-04
-5.432518314816839810e-04
-5.584882347113425891e-04
-5.741517202901501825e-04
-5.902546968953539417e-04
-6.068094406639394037e-04
-6.238286112592150018e-04
-6.413249989546908596e-04
-6.593120247277718107e-04
-6.778037251426329403e-04
-6.968139769970506554e-04
-7.163577279849145775e-04
-7.364494527206445242e-04
-7.571046155068273439e-04
-7.783393678642002182e-04
-8.001697352422065162e-04
-8.226122963035425919e-04
-8.456846138081773297e-04
-8.694038873006632116e-04
-8.937886145510892319e-04
-9.188572280480172393e-04
-9.446292369400769318e-04
-9.711240926379920797e-04
-9.983620543002383850e-04
-1.026364045250804284e-03
-1.055151739089324079e-03
-1.084746888659535429e-03
-1.115172144783164402e-03
-1.146450864917508954e-03
-1.178607151865465651e-03
-1.211665384380460411e-03
-1.245651240454373389e-03
-1.280590186511892589e-03
-1.316509486863382504e-03
-1.353436156709504276e-03
-1.391399198019221441e-03
-1.430426767190186646e-03
-1.470549632030848479e-03
-1.511797808919305725e-03
-1.554203486784853407e-03
-1.597798634412280188e-03
-1.642616879584050948e-03
-1.688692346280947594e-03
-1.736060738668248520e-03
-1.784758139507183154e-03
-1.834821552182248645e-03
-1.886289930527975615e-03
-1.939202156617684213e-03
-1.993598784983739106e-03
-2.049521996557571168e-03
-2.107014016778991760e-03
-2.166119294678390834e-03
-2.226883132648390783e-03
-2.289351790440309793e-03
-2.353573337044799919e-03
-2.419596955607413932e-03
-2.487473227470010737e-03
-2.557254145428476677e-03
-2.628993092794798363e-03
-2.702745294351270242e-03
-2.778567244773042129e-03
-2.856516841058923378e-03
-2.936654007504956639e-03
-3.019040015843217975e-03
-3.103738287463660064e-03
-3.190813655039384522e-03
-3.280332587079090589e-03
-3.372364143338617542e-03
-3.466978867829367296e-03
-3.564248912433186627e-03
-3.664249120942352986e-03
-3.767056316269664935e-03
-3.872749299086555852e-03
-3.981408802719797399e-03
-4.093118668049572015e-03
-4.207964195870449002e-03
-4.326033737586591592e-03
-4.447417965349267921e-03
-4.572209847904840779e-03
-4.700505079311944820e-03
-4.832402469217316442e-03
-4.968002749265247944e-03
-5.107410360548961074e-03
-5.250732414902795422e-03
-5.398078596419992985e-03
-5.549562275034685202e-03
-5.705299787751628299e-03
-5.865410419549974344e-03
-6.030017822220590587e-03
-6.199247853906604024e-03
-6.373230620549458735e-03
-6.552099936719072565e-03
-6.735993213875556170e-03
-6.925051781603540346e-03
-7.119420882451038025e-03
-7.319250086677736404e-03
-7.524692877318774412e-03
-7.735907410353759853e-03
-7.953055931287386290e-03
-8.176305617892849764e-03
-8.405828064058469204e-03
-8.641799696279246421e-03
-8.884402586405928601e-03
-9.133823158046229865e-03
-9.390253306632324881e-03
-9.653890669657671370e-03
-9.924938280461141626e-03
-1.020360462044919529e-02
-1.049010456641999087e-02
-1.078465871536282011e-02
-1.108749434681043436e-02
-1.139884451143939950e-02
-1.171894950528657581e-02
-1.204805620661623597e-02
-1.238641803129502533e-02
-1.273429627312418211e-02
-1.309195953212566321e-02
-1.345968351219617443e-02
-1.383775242807984071e-02
-1.422645799965297116e-02
-1.462610030416076901e-02
-1.503698846934025703e-02
-1.545943994278156826e-02
-1.589378110465182459e-02
-1.634034795768067594e-02
-1.679948588732248227e-02
-1.727154998950995723e-02
-1.775690571950605187e-02
-1.825592858292593088e-02
-1.876900565774717103e-02
-1.929653387011021071e-02
-1.983892211294160240e-02
-2.039659110906076253e-02
-2.096997332547045206e-02
-2.155951340680819020e-02
-2.216566886902642669e-02
-2.278891057201185358e-02
-2.342972267394501443e-02
-2.408860284781667860e-02
-2.476606348515277695e-02
-2.546263138328994785e-02
-2.617884865209844925e-02
-2.691527285470360353e-02
-2.767247758101242308e-02
-2.845105275749510235e-02
-2.925160512054925110e-02
-3.007475965032885279e-02
-3.092115865526241444e-02
-3.179146279883768994e-02
-3.268635226990599524e-02
-3.360652635033609115e-02
-3.455270514444399449e-02
-3.552562940086909787e-02
-3.652606047792163191e-02
-3.755478292403264390e-02
-3.861260337903679729e-02
-3.970035183011994678e-02
-4.081888269478095577e-02
-4.196907469857201478e-02
-4.315183232710657207e-02
-4.436808679868391170e-02
-4.561879556305548089e-02
-4.690494508489047309e-02
-4.822754958592885555e-02
-4.958765331266376530e-02
-5.098633124950042311e-02
-5.242468929787004461e-02
-5.390386639425876619e-02
-5.542503455375502597e-02
-5.698940032088046365e-02
-5.859820536939297497e-02
-6.025272822228285030e-02
-6.195428508802464096e-02
-6.370423128798566315e-02
-6.550396149264682555e-02
-6.735491203559182405e-02
-6.925856200008505270e-02
-7.121643382192177629e-02
-7.323009589641987782e-02
-7.530116264543583460e-02
-7.743129705785931072e-02
-7.962221114094705787e-02
-8.187566905790383265e-02
-8.419348661839451409e-02
-8.657753516811650396e-02
-8.902974153327100626e-02
-9.155209080721843362e-02
-9.414662815336283241e-02
-9.681545988080580978e-02
-9.956075651026173590e-02
-1.023847540219796071e-01
-1.052897570743372563e-01
-1.082781390674010524e-01
-1.113523471317667407e-01
-1.145149021586302635e-01
-1.177684029232500540e-01
-1.211155274545506616e-01
-1.245590361618211517e-01
-1.281017746689509795e-01
-1.317466763107573435e-01
-1.354967650190624928e-01
-1.393551590711015753e-01
-1.433250733702212121e-01
-1.474098225257927386e-01
-1.516128254063209280e-01
-1.559376076324413829e-01
-1.603878057132941404e-01
-1.649671703072098095e-01
-1.696795705266004040e-01
-1.745289980181737033e-01
-1.795195712668254395e-01
-1.846555390584375123e-01
-1.899412865944598849e-01
-1.953813386445464040e-01
-2.009803657534805499e-01
-2.067431886465111723e-01
-2.126747830653395177e-01
-2.187802864630743749e-01
-2.250650029829524001e-01
-2.315344094725618751e-01
-2.381941613929118851e-01
-2.450501003864141991e-01
-2.521082593807978944e-01
-2.593748707150594912e-01
-2.668563729303489174e-01
-2.745594186963802308e-01
-2.824908817610495282e-01
-2.906578666546669187e-01
-2.990677152596735167e-01
-3.077280175170332144e-01
-3.166466195834532482e-01
-3.258316334417830085e-01
-3.352914473600227541e-01
-3.450347366180208653e-01
-3.550704734050535993e-01
-3.654079385708312588e-01
-3.760567344159310155e-01
-3.870267955979169727e-01
-3.983284021739862402e-01
-4.099721948653184400e-01
-4.219691859310554793e-01
-4.343307766641328893e-01
-4.470687712454302076e-01
-4.601953922492595384e-01
-4.737232983833969402e-01
-4.876656011001193058e-01
-5.020358827300916982e-01
-5.168482155610982787e-01
-5.321171816661430798e-01
-5.478578929822769394e-01
-5.640860129060152328e-01
-5.808177798587454976e-01
-5.980700289114612156e-01
-6.158602181485557381e-01
-6.342064525278219289e-01
-6.531275125205503462e-01
-6.726428807373923124e-01
-6.927727715038187739e-01
-7.135381619567325862e-01
-7.349608233017008718e-01
-7.570633547984787493e-01
-7.798692190862022144e-01
-8.034027772336731488e-01
-8.276893288203615029e-01
-8.527551506834117889e-01
-8.786275395799916232e-01
-9.053348552960800433e-01
-9.329065667561895481e-01
-9.613733000453206223e-01
-9.907668886157086074e-01
-1.021120424962465023e+00
-1.052468316801213222e+00
-1.084846343442807504e+00
-1.118291715898002359e+00
-1.152843140381791809e+00
-1.188540884266032327e+00
-1.225426843880156103e+00
-1.263544617461264563e+00
-1.302939580697694888e+00
-1.343658964843809533e+00
-1.385751939955816470e+00
-1.429269702149583487e+00
-1.474265562027417209e+00
-1.520795042137497832e+00
-1.568915973293489197e+00
-1.618688600930348720e+00
-1.670175692170974502e+00
-1.723442649696403706e+00
-1.778557631434994901e+00
-1.835591674378209914e+00
-1.894618825400622431e+00
-1.955716277325411312e+00
-2.018964511777668669e+00
-2.084447448105817724e+00
-2.152252600764906099e+00
-2.222471241081114712e+00
-2.295198570323279341e+00
-2.370533897003097579e+00
-2.448580824612372808e+00
-2.529447447887430478e+00
-2.613246557076248422e+00
-2.700095852891232440e+00
-2.790118169382811431e+00
-2.883441709670817144e+00
-2.980200290042005040e+00
-3.080533596319241951e+00
-3.184587452110363426e+00
-3.292514097857041744e+00
-3.404472485004024662e+00
-3.520628580258766682e+00
-3.641155686896355270e+00
-3.766234777578520987e+00
-3.896054843835088821e+00
-4.030813261375214118e+00
-4.170716169771069737e+00
-4.315978871611161338e+00
-4.466826246983066184e+00
-4.623493188890197558e+00
-4.786225054393794309e+00
-4.955278139612089738e+00
-5.130920171527137086e+00
-5.313430825761931153e+00
-5.503102261443424403e+00
-5.700239684905550774e+00
-5.905161934034846460e+00
-6.118202088488564172e+00
-6.339708107978022866e+00
-6.570043494961717911e+00
-6.809587988681186310e+00
-7.058738285897160125e+00
-7.317908795094600016e+00
-7.587532419242035253e+00
-7.868061374300432398e+00
-8.159968040526093702e+00
-8.463745850861716491e+00
-8.779910212540432468e+00
-9.108999472992170610e+00
-9.451575919064113762e+00
-9.808226822541911361e+00
-1.017956552522009694e+01
-1.056623257056610399e+01
-1.096889687865060026e+01
-1.138825697205057530e+01
-1.182504224810617011e+01
-1.228001430462500565e+01
-1.275396831690574473e+01
-1.324773447068820431e+01
-1.376217945196516723e+01
-1.429820799525783670e+01
-1.485676449301512037e+01
-1.543883466934719095e+01
-1.604544731619862219e+01
-1.667767610128089117e+01
-1.733664144280278663e+01
-1.802351245829267157e+01
-1.873950898772199025e+01
-1.948590369556124102e+01
-2.026402425071978186e+01
-2.107525559303184792e+01
-2.192104228174100555e+01
-2.280289093642488041e+01
-2.372237276700913711e+01
-2.468112620121805634e+01
-2.568085960747447771e+01
-2.672335412322534154e+01
-2.781046658406762973e+01
-2.894413256338842899e+01
-3.012636952598813167e+01
-3.135928009363078317e+01
-3.264505543290606937e+01
-3.398597876768627657e+01
-3.538442901655697881e+01
-3.684288456545473167e+01
-3.836392717328077850e+01
-3.995024602344440012e+01
-4.160464191512230059e+01
-4.333003161057865782e+01
-4.512945233307515025e+01
-4.700606642884633146e+01
-4.896316619262087499e+01
-5.100417886517500676e+01
-5.313267180638844422e+01
-5.535235785307720136e+01
-5.766710086262891366e+01
-6.008092145145699448e+01
-6.259800293638594582e+01
-6.522269747966866760e+01
-6.795953245111424224e+01
-7.081321700845127509e+01
-7.378864890735289350e+01
-7.689092154487283892e+01
-8.012533124666097706e+01
-8.349738480491816972e+01
-8.701280727227506873e+01
-9.067755002553752774e+01
-9.449779910129335292e+01
-9.847998381717756899e+01
-1.026307856864720662e+02
-1.069571476312964933e+02
-1.114662835114068997e+02
-1.161656879709367303e+02
-1.210631466197638133e+02
-1.261667465523447191e+02
-1.314848872228466803e+02
-1.370262916825953141e+02
-1.428000181920490661e+02
-1.488154722182122782e+02
-1.550824188330984157e+02
-1.616109955221212147e+02
-1.684117254143698119e+02
-1.754955309510055486e+02
-1.828737480072836092e+02
-1.905581404703254407e+02
-1.985609153054288925e+02
-2.068947381067425226e+02
-2.155727491632829356e+02
-2.246085800427229628e+02
-2.340163707210980988e+02
-2.438107872627157349e+02
-2.540070400795029855e+02
-2.646209027745674121e+02
-2.756687316026675489e+02
-2.871674855493754990e+02
-2.991347470636918615e+02
-3.115887434521048363e+02
-3.245483689586725404e+02
-3.380332075564302841e+02
-3.520635564612223902e+02
-3.666604503973748024e+02
-3.818456866385342892e+02
-3.976418508410372965e+02
-4.140723436958470529e+02
-4.311614084300902618e+02
-4.489341591749206941e+02
-4.674166102266523808e+02
-4.866357062322807678e+02
-5.066193533289140873e+02
-5.273964512558176239e+02
-5.489969264753813150e+02
-5.714517663353717580e+02
-5.947930542938088365e+02
-6.190540062534390700e+02
-6.442690080199220120e+02
-6.704736539315002801e+02
-6.977047866939215055e+02
-7.260005384522453369e+02
-7.554003731302350388e+02
-7.859451300940507963e+02
-8.176770691614472071e+02
-8.506399170083589070e+02
-8.848789150020782017e+02
-9.204408685212581531e+02
-9.573741977946654060e+02
-9.957289903034572944e+02
-1.035557054802345192e+03
-1.076911977005062681e+03
-1.119849176972099485e+03
-1.164425968283932662e+03
-1.210701619004115400e+03
-1.258737414543744080e+03
-1.308596722433955620e+03
-1.360345059094401222e+03
-1.414050158650798267e+03
-1.469782043860898739e+03
-1.527613099212615680e+03
-1.587618146266535632e+03
-1.649874521299186199e+03
-1.714462155338961793e+03
-1.781463656644714774e+03
-1.850964395709255086e+03
-1.923052592875142409e+03
-1.997819408633912190e+03
-2.075359036690496850e+03
-2.155768799872888394e+03
-2.239149249006013179e+03
-2.325604264801880163e+03
-2.415241162873115627e+03
-2.508170801982865214e+03
-2.604507695609378516e+03
-2.704370126962049198e+03
-2.807880267482803447e+03
-2.915164299068953824e+03
-3.026352539991088179e+03
-3.141579574732111723e+03
-3.260984387811824035e+03
-3.384710501757366274e+03
-3.512906119315090109e+03
-3.645724270085565422e+03
-3.783322961673742157e+03
-3.925865335544011032e+03
-4.073519827696792618e+03
-4.226460334320328002e+03
-4.384866382648178842e+03
-4.548923307057016245e+03
-4.718822430728676409e+03
-4.894761252937085374e+03
-5.076943642177788206e+03
-5.265580035411305289e+03
-5.460887643479057260e+03
-5.663090662995835373e+03
-5.872420494945934479e+03
-6.089115970071461561e+03
-6.313423581474087769e+03
-6.545597724505658334e+03
-6.785900944309348233e+03
-7.034604191133371387e+03
-7.291987083856737627e+03
-7.558338181848914246e+03
-7.833955265516168765e+03
-8.119145625859481697e+03
-8.414226363290756126e+03
-8.719524696009837498e+03
-9.035378278412121290e+03
-9.362135529695038713e+03
-9.700155973146183896e+03
-1.004981058639561707e+04
-1.041148216313831472e+04
-1.078556568659187724e+04
-1.117246871515190105e+04
-1.157261178085098072e+04
-1.198642880070789943e+04
-1.241436750184081393e+04
-1.285688986051958091e+04
-1.331447255591729117e+04
-1.378760743884501971e+04
-1.427680201627589122e+04
-1.478257995205355110e+04
-1.530548158452045755e+04
-1.584606446143499852e+04
-1.640490389335859436e+04
-1.698259352547335220e+04
-1.757974592937367561e+04
-1.819699321470911673e+04
-1.883498766217498996e+04
-1.949440237840553527e+04
-2.017593197332577256e+04
-2.088029326147130269e+04
-2.160822598759995162e+04
-2.236049357804997999e+04
-2.313788391838936514e+04
-2.394121015910029382e+04
-2.477131154948563199e+04
-2.562905430192080530e+04
-2.651533248710638873e+04
-2.743106896174261055e+04
-2.837721632995619802e+04
-2.935475794002734983e+04
-3.036470891778466103e+04
-3.140811723830077608e+04
-3.248606483737428061e+04
-3.359966876487679838e+04
-3.475008238140594767e+04
-3.593849660029647202e+04
-3.716614117718421767e+04
-3.843428604889873532e+04
-3.974424272414435109e+04
-4.109736572837111453e+04
-4.249505410526880587e+04
-4.393875297728144506e+04
-4.542995516799137113e+04
-4.697020288986086234e+04
-4.856108949949027738e+04
-5.020426132422608498e+04
-5.190141956343244237e+04
-5.365432226807266125e+04
-5.546478640249822638e+04
-5.733468999237708340e+04
-5.926597436297234526e+04
-6.126064647332493769e+04
-6.332078134927120846e+04
-6.544852462273689162e+04
-6.764609518098417902e+04
-6.991578793241163658e+04
-7.225997669545807003e+04
-7.468111721551964001e+04
-7.718175031987408875e+04
-7.976450521414259856e+04
-8.243210293220749008e+04
-8.518735994530354219e+04
-8.803319193969522894e+04
-9.097261777368461480e+04
-9.400876362377218902e+04
-9.714486733010043099e+04
-1.003842829541696410e+05
-1.037304855602272291e+05
-1.071870762343759416e+05
-1.107577873571149685e+05
-1.144464881415232667e+05
-1.182571904573011416e+05
-1.221940549556872575e+05
-1.262613975161632407e+05
-1.304636960345958942e+05
-1.348055975760245929e+05
-1.392919259140179201e+05
-1.439276894848328957e+05
-1.487180897820122191e+05
-1.536685302222769533e+05
-1.587846255164580944e+05
-1.640722115767661016e+05
-1.695373560033723188e+05
-1.751863691863554996e+05
-1.810258160724743793e+05
-1.870625286404759681e+05
-1.933036191415287321e+05
-1.997564941593075346e+05
-2.064288695533008722e+05
-2.133287863545951841e+05
-2.204646276826605317e+05
-2.278451367746329051e+05
-2.354794362022652058e+05
-2.433770483854371123e+05
-2.515479175025234581e+05
-2.600024329154769075e+05
-2.687514542356652091e+05
-2.778063381783018704e+05
-2.871789673548942665e+05
-2.968817811735091964e+05
-3.069278090479258099e+05
-3.173307061097978149e+05
-3.281047916693763691e+05
-3.392650906779565848e+05
-3.508273784760510316e+05
-3.628082291531676892e+05
-3.752250678706084145e+05
-3.880962275473491172e+05
-4.014410103572672815e+05
-4.152797545322232763e+05
-4.296339070355549920e+05
-4.445261027390611125e+05
-4.599802508169580833e+05
-4.760216291619629483e+05
-4.926769877318070503e+05
-5.099746618729214533e+05
-5.279446968002297217e+05
-5.466189845658736303e+05
-5.660314150839429349e+05
-5.862180429471846437e+05
-6.072172720964821056e+05
-6.290700606699475320e+05
-6.518201487441303907e+05
-6.755143121264555957e+05
-7.002026458449707134e+05
-7.259388816311253468e+05
-7.527807443984815618e+05
-7.807903536365864566e+05
-8.100346766767153749e+05
-8.405860421188841574e+05
-8.725227232511336915e+05
-9.059296032896498218e+05
-9.408989365687635727e+05
-9.775312228574191686e+05
-1.015936215586418053e+06
-1.056234089427381754e+06
-1.098556798449305585e+06
-1.143049663524749456e+06
-1.189873237065303372e+06
-1.239205505428187782e+06
-1.291244505226021865e+06
-1.346211450638152193e+06
-1.404354496526248055e+06
-1.465953299268885981e+06
-1.531324587470165920e+06
-1.600829023758829106e+06
-1.674879734650001163e+06
-1.753953020751614356e+06
-1.838601953141747043e+06
-1.929473843975907424e+06
-2.027332998345326632e+06
-2.133090789980527014e+06
-2.247846089911716525e+06
-2.372940649529058952e+06
-2.510036620932387188e+06
-2.661227780509441625e+06
-2.829203760189115070e+06
-3.017500884444069583e+06
-3.230901062747172546e+06
-3.476098052645569667e+06
-3.762880470622284338e+06
-4.106403743786144070e+06
-4.532035457481083460e+06
-5.087343069931154139e+06
-5.879470972590605728e+06
-7.255453986509046517e+06
nan
nan
nan
nan
nan
nan
nan
nan
nan
nan
nan
nan
nan
nan
nan
nan
nan
nan
nan
nan
nan
nan
nan
nan
nan
nan
nan
nan
nan
nan
nan
nan
nan
nan
nan
nan
nan
nan
nan
nan
nan
nan
nan
nan
nan
nan
nan
nan
nan
nan
nan
nan
nan
nan
nan
nan
nan
nan
nan
nan
nan
nan
nan
nan
nan
nan
nan
nan
nan
nan
nan
nan
nan
nan
nan
nan
nan
nan
nan
nan
nan
nan
nan
nan
nan
nan
nan
nan
nan
nan
nan
nan
nan
nan
nan
nan
nan
nan
nan
nan
nan
nan
nan
nan
nan
nan
nan
nan
nan
nan
nan
nan
nan
nan
nan
nan
nan
nan
nan
nan
nan
nan
nan
nan
nan
nan
nan
nan
nan
nan
nan
nan
nan
nan
nan
nan
nan
nan
nan
nan
nan
nan
nan
nan
nan
nan
nan
nan
nan
nan
nan
nan
nan
nan
nan
nan
nan
nan
nan
nan
nan
nan
nan
nan
nan
nan
nan
nan
nan
nan
nan
nan
nan
nan
nan
nan
nan
nan
nan
nan
nan
nan
nan
nan
nan
nan
nan
nan
nan
nan
nan
nan
nan
nan
nan
nan
nan
nan
nan
nan
nan
nan
nan
nan
nan
nan
nan
nan
nan
nan
nan
nan
nan
nan
