1.969766726218744046e-02
2.025008306846068015e-02
2.081799118483032215e-02
2.140182602103903389e-02
2.200203417554848218e-02
2.261907528299132719e-02
2.325342110585713884e-02
2.390555690247752815e-02
2.457598154698368426e-02
2.526520816529100391e-02
2.597376401807751853e-02
2.670219091066110620e-02
2.745104661440137678e-02
2.822090352473632241e-02
2.901235112036118849e-02
2.982599439793377077e-02
3.066245609632544181e-02
3.152237616801599474e-02
3.240641252036790404e-02
3.331524126293151922e-02
3.424955799102703813e-02
3.521007729896388078e-02
3.619753408731659489e-02
3.721268387788685683e-02
3.825630313067948651e-02
3.932919035233756189e-02
4.043216644642793484e-02
4.156607534788478442e-02
4.273178416139381680e-02
4.393018508828528540e-02
4.516219484455608058e-02
4.642875561999756234e-02
4.773083705430539170e-02
4.906943496711189956e-02
5.044557337850372192e-02
5.186030504129811314e-02
5.331471249735742629e-02
5.480990865357695391e-02
5.634703688335235966e-02
5.792727340637458811e-02
5.955182718508003625e-02
6.122194110158139801e-02
6.293889290647915191e-02
6.470399594652986863e-02
6.651860092986766615e-02
6.838409594173022743e-02
7.030190802075281242e-02
7.227350475137309105e-02
7.430039412437060287e-02
7.638412695691922105e-02
7.852629756912478387e-02
8.072854450642918955e-02
8.299255304790545407e-02
8.532005473582769672e-02
8.771283046578495779e-02
9.017271083694719525e-02
9.270157780778393031e-02
9.530136613873471663e-02
9.797406461906964237e-02
1.007217178399233970e-01
1.035464282621854359e-01
1.064503568242756576e-01
1.094357248368623969e-01
1.125048167030060497e-01
1.156599801459898685e-01
1.189036292696104835e-01
1.222382451460710118e-01
1.256663792241714539e-01
1.291906542769067634e-01
1.328137664081867897e-01
1.365384873670683064e-01
1.403676666698256414e-01
1.443042340356595621e-01
1.483512011193371394e-01
1.525116640704945736e-01
1.567888054020895039e-01
1.611858976808143717e-01
1.657063047793979060e-01
1.703534851992285770e-01
1.751309939628701851e-01
1.800424860970196161e-01
1.850917191701601516e-01
1.902825561709905744e-01
1.956189679654278535e-01
2.011050375866232642e-01
2.067449618567708536e-01
2.125430553485757601e-01
2.185037541965129948e-01
2.246316184782072012e-01
2.309313362149355564e-01
2.374077269543964364e-01
2.440657454599439724e-01
2.509104850013297860e-01
2.579471825117897188e-01
2.651812213334497348e-01
2.726181355915287541e-01
2.802636146820093876e-01
2.881235081277316312e-01
2.962038285468557852e-01
3.045107580128643132e-01
3.130506515321820338e-01
3.218300424072744192e-01
3.308556472387986225e-01
3.401343708105044050e-01
3.496733118818617370e-01
3.594797678638190774e-01
3.695612409071092896e-01
3.799254441435326313e-01
3.905803060841304131e-01
4.015339781940586161e-01
4.127948403781458442e-01
4.243715073889209322e-01
4.362728361795907839e-01
4.485079311682448333e-01
4.610861527210809441e-01
4.740171235534829108e-01
4.873107360984176295e-01
5.009771605825583674e-01
5.150268520459118093e-01
5.294705588543003882e-01
5.443193306712140744e-01
5.595845274139217285e-01
5.752778271964242851e-01
5.914112357635348260e-01
6.079970956864493292e-01
6.250480952974122317e-01
6.425772789057192513e-01
6.605980567809277559e-01
6.791242151627420176e-01
6.981699270597606644e-01
7.177497625954657456e-01
7.378787004088624979e-01
7.585721398695749462e-01
7.798459116063422014e-01
8.017162903726091638e-01
8.242000069987144295e-01
8.473142619510142248e-01
8.710767379889687856e-01
8.955056134443617477e-01
9.206195763814020161e-01
9.464378396583328357e-01
9.729801538583912057e-01
1.000266824420624090e+00
1.028318725164680592e+00
1.057157316277706594e+00
1.086804658962136072e+00
1.117283433341082155e+00
1.148616955797054251e+00
1.180829196317700447e+00
1.213944796829167894e+00
1.247989090563856429e+00
1.282988121181061203e+00
1.318968662198484632e+00
1.355958238480839073e+00
1.393985146795780672e+00
1.433078476457755990e+00
1.473268133345575936e+00
1.514584861777548586e+00
1.557060268033553907e+00
1.600726844531806803e+00
1.645617995449897286e+00
1.691768060764191395e+00
1.739212343784892756e+00
1.787987138162897560e+00
1.838129754393613036e+00
1.889678549877121139e+00
1.942672957248947618e+00
1.997153514801137231e+00
2.053161897493951837e+00
2.110740949084322082e+00
2.169934714401906994e+00
2.230788473541634787e+00
2.293348775996496780e+00
2.357663476518456314e+00
2.423781771469433188e+00
2.491754237214070855e+00
2.561632867786750367e+00
2.633471114921868583e+00
2.707323929187273936e+00
2.783247802009717997e+00
2.861300808637096793e+00
2.941542652798700974e+00
3.024034711871513181e+00
3.108840084069060872e+00
3.196023636947404878e+00
3.285652056516951358e+00
3.377793898987248689e+00
3.472519642191595146e+00
3.569901739481665004e+00
3.670014676638039486e+00
3.772935026822037852e+00
3.878741510125379044e+00
3.987515054016725902e+00
4.099338854215758943e+00
4.214298439307639477e+00
4.332481735380115495e+00
4.453979133247536915e+00
4.578883558058713277e+00
4.707290540343419316e+00
4.839298287775138263e+00
4.975007761762523018e+00
5.114522753871948879e+00
5.257949964907128404e+00
5.405399086979391754e+00
5.556982887342336142e+00
5.712817293328944501e+00
5.873021482709683383e+00
6.037717973768006452e+00
6.207032718433505458e+00
6.381095199783757721e+00
6.560038529734462109e+00
6.743999551506611567e+00
6.933118943434806170e+00
7.127541326951734924e+00
7.327415377336193636e+00
7.532893936283797665e+00
7.744134129181921011e+00
7.961297485379628114e+00
8.184550060569685925e+00
8.414062564883710849e+00
8.650010492265549189e+00
8.892574254251522703e+00
9.141939318999822817e+00
9.398296351165880580e+00
9.661841358491392029e+00
9.932775841465815603e+00
1.021130694666151406e+01
1.049764762487978942e+01
1.079201679370867240e+01
1.109463950463188553e+01
1.140574711429168175e+01
1.172557746207172258e+01
1.205437505034812951e+01
1.239239123130860065e+01
1.273988439925160066e+01
1.309712018696392022e+01
1.346437166812210684e+01
1.384191956660557210e+01
1.423005246960877557e+01
1.462906704723694240e+01
1.503926828025226925e+01
1.546096969087423467e+01
1.589449358257063061e+01
1.634017128551985110e+01
1.679834340917957292e+01
1.726936010113661979e+01
1.775358131496890124e+01
1.825137708352481170e+01
1.876312780111271650e+01
1.928922451304137908e+01
1.983006921324284733e+01
2.038607515069025666e+01
2.095766714385266383e+01
2.154528190364722562e+01
2.214936836591656899e+01
2.277038803366203723e+01
2.340881532703085455e+01
2.406513794558222230e+01
2.473985723734701381e+01
2.543348858197206752e+01
2.614656178120340257e+01
2.687962146177926570e+01
2.763322749053424587e+01
2.840795539823331239e+01
2.920439681752456096e+01
3.002315993249690607e+01
3.086486994051630006e+01
3.173016952660075063e+01
3.261971935101146869e+01
3.353419855215543066e+01
3.447430526004320939e+01
3.544075712672769640e+01
3.643429187126967861e+01
3.745566783759193186e+01
3.850566457115837693e+01
3.958508340802726622e+01
4.069474808322980408e+01
4.183550535453872499e+01
4.300822564296259998e+01
4.421380369282667999e+01
4.545315924808165420e+01
4.672723774901773908e+01
4.803701104642136244e+01
4.938347813731255798e+01
5.076766591949446905e+01
5.219062996873897475e+01
5.365345533429694314e+01
5.515725736013637004e+01
5.670318252558982408e+01
5.829240931201508147e+01
5.992614909000270984e+01
6.160564703464908121e+01
6.333218306215339766e+01
6.510707279672388381e+01
6.693166855882896016e+01
6.880736038548832312e+01
7.073557707503287872e+01
7.271778726207608656e+01
7.475550052217197106e+01
7.685026850631756190e+01
7.900368610500849798e+01
8.121739264777814071e+01
8.349307313256539942e+01
8.583245948868791686e+01
8.823733187579466630e+01
9.070952001786110941e+01
9.325090457311617342e+01
9.586341854086911951e+01
9.854904870817323115e+01
1.013098371342510262e+02
1.041478826765843735e+02
1.070653425570025092e+02
1.100644339721060021e+02
1.131474357454792994e+02
1.163166900263222772e+02
1.195746040325079775e+02
1.229236518427338751e+02
1.263663762348131030e+02
1.299053905750583340e+02
1.335433807594123152e+02
1.372831072035706086e+02
1.411274068912161965e+02
1.450791954734185936e+02
1.491414694268178494e+02
1.533173082686299438e+02
1.576098768307601858e+02
1.620224275958117346e+02
1.665583030954503840e+02
1.712209383708610915e+02
1.760138635030305068e+02
1.809407062036486309e+02
1.860051944832628692e+02
1.912111593831034213e+02
1.965625377837071710e+02
2.020633752857629588e+02
2.077178291685812894e+02
2.135301714251923215e+02
2.195047918788290247e+02
2.256462013813282113e+02
2.319590350935993683e+02
2.384480558556299457e+02
2.451181576419603800e+02
2.519743691078481334e+02
2.590218572297368951e+02
2.662659310380415718e+02
2.737120454504976124e+02
2.813658051993038498e+02
2.892329688679828905e+02
2.973194530231168642e+02
3.056313364622449740e+02
3.141748645635647676e+02
3.229564537508266540e+02
3.319826960723505067e+02
3.412603638966384665e+02
3.507964147261246239e+02
3.605979961389194273e+02
3.706724508468598174e+02
3.810273218913649771e+02
3.916703579615444255e+02
4.026095188534725366e+02
4.138529810605954253e+02
4.254091435080637780e+02
4.372866334280802221e+02
4.494943123806241374e+02
4.620412824274429795e+02
4.749368924495473152e+02
4.881907446333731286e+02
5.018127011031256188e+02
5.158128907214932042e+02
5.302017160589044806e+02
5.449898605226163681e+02
5.601882956661461321e+02
5.758082886717700148e+02
5.918614100094038122e+02
6.083595412834753233e+02
6.253148832617200696e+02
6.427399640957537486e+02
6.606476477318483376e+02
6.790511425238419179e+02
6.979640100390676025e+02
7.174001740779625607e+02
7.373739298895081902e+02
7.578999536077266157e+02
7.789933118974444142e+02
8.006694718185509601e+02
8.229443109138027239e+02
8.458341275193515685e+02
8.693556513086575706e+02
8.935260540608310293e+02
9.183629606723958432e+02
9.438844604028587355e+02
9.701091183632643151e+02
9.970559872532841155e+02
1.024744619341523730e+03
1.053195078705918604e+03
1.082427953716632601e+03
1.112464369788728845e+03
1.143326002392000191e+03
1.175035090314629088e+03
1.207614449207513417e+03
1.241087485389331505e+03
1.275478209918501761e+03
1.310811252947805997e+03
1.347111878345011291e+03
1.384405998588036482e+03
1.422720189959879463e+03
1.462081707989913866e+03
1.502518503200053829e+03
1.544059237132186126e+03
1.586733298643117450e+03
1.630570820497444629e+03
1.675602696238713634e+03
1.721860597343324343e+03
1.769376990657220404e+03
1.818185156116249573e+03
1.868319204757237230e+03
1.919814096979986743e+03
1.972705661133906460e+03
2.027030612334138823e+03
2.082826571589530886e+03
2.140132085173810083e+03
2.198986644290256663e+03
2.259430704971107843e+03
2.321505708271393814e+03
2.385254100686925540e+03
2.450719354857910730e+03
2.517945990468741456e+03
2.586979595441902347e+03
2.657866847331459667e+03
2.730655534944702595e+03
2.805394580177213811e+03
2.882134060102161129e+03
2.960925229188298999e+03
3.041820541757718274e+03
3.124873674624223895e+03
3.210139549877922491e+03
3.297674357866908394e+03
3.387535580271242452e+03
3.479782013376569466e+03
3.574473791418709880e+03
3.671672410072884304e+03
3.771440749999125273e+03
3.873843100527687511e+03
3.978945183335234105e+03
4.086814176218158536e+03
4.197518736887338491e+03
4.311129026754735605e+03
4.427716734757977065e+03
4.547355101112436387e+03
4.670118941043584528e+03
4.796084668472451995e+03
4.925330319580282776e+03
5.057935576295046303e+03
5.193981789653763371e+03
5.333552003000166224e+03
5.476730975031662638e+03
5.623605202615333837e+03
5.774262943446778081e+03
5.928794238415403015e+03
6.087290933715870779e+03
6.249846702714808998e+03
6.416557067416902100e+03
6.587519419695300712e+03
6.762833042075749290e+03
6.942599128177645071e+03
7.126920802721115251e+03
7.315903141121638328e+03
7.509653188586968099e+03
7.708279978740374645e+03
7.911894551743221200e+03
8.120609971880907324e+03
8.334541344530087372e+03
8.553805832658310464e+03
8.778522672587649140e+03
9.008813189205095114e+03
9.244800810519485822e+03
9.486611081485452814e+03
9.734371677198007092e+03
9.988212415319991123e+03
1.024826526784814450e+04
1.051466437202900488e+04
1.078754604057860888e+04
1.106704877110623420e+04
1.135331325465124246e+04
1.164648238362262418e+04
1.194670125863100839e+04
1.225411719468301271e+04
1.256887972650128904e+04
1.289114061286933065e+04
1.322105384035446878e+04
1.355877562580616541e+04
1.390446441834578036e+04
1.425828090036995491e+04
1.462038798742257495e+04
1.499095082770073350e+04
1.537013680015759383e+04
1.575811551217720080e+04
1.615505879607368297e+04
1.656114070504622214e+04
1.697653750792862411e+04
1.740142768350481856e+04
1.783599191363199134e+04
1.828041307597051127e+04
1.873487623550628632e+04
1.919956863568236804e+04
1.967467968850542820e+04
2.016040096422965507e+04
2.065692617987434642e+04
2.116445118768885004e+04
2.168317396242680843e+04
2.221329458819096908e+04
2.275501524488983705e+04
2.330854019368238005e+04
2.387407576245682503e+04
2.445183033020992298e+04
2.504201431130490528e+04
2.564484013936422343e+04
2.626052225044508305e+04
2.688927706611276881e+04
2.753132297589919472e+04
2.818688031992740434e+04
2.885617137066159194e+04
2.953942031473789393e+04
3.023685323487146161e+04
3.094869809093242657e+04
3.167518470138243356e+04
3.241654472451316178e+04
3.317301163951498893e+04
3.394482072758326103e+04
3.473220905300472077e+04
3.553541544423348387e+04
3.635468047499341628e+04
3.719024644564039772e+04
3.804235736446123337e+04
3.891125892906336230e+04
3.979719850815896643e+04
4.070042512315027125e+04
4.162118943045898777e+04
4.255974370358708984e+04
4.351634181570351211e+04
4.449123922209224111e+04
4.548469294375154277e+04
4.649696155026314955e+04
4.752830514352111641e+04
4.857898534162310534e+04
4.964926526338482654e+04
5.073940951255797700e+04
5.184968416309302847e+04
5.298035674404376186e+04
5.413169622546908067e+04
5.530397300411429023e+04
5.649745888974902482e+04
5.771242709191844187e+04
5.894915220637088350e+04
6.020791020302729885e+04
6.148897841259026609e+04
6.279263551506961085e+04
6.411916152765863808e+04
6.546883779286040954e+04
6.684194696744493558e+04
6.823877301091811387e+04
6.965960117483756039e+04
7.110471799188278965e+04
7.257441126541839913e+04
7.406897005853483279e+04
7.558868468455286347e+04
7.713384669588197721e+04
7.870474887441747705e+04
8.030168522107266472e+04
8.192495094566233456e+04
8.357484245715594443e+04
8.525165735256702465e+04
8.695569440764647152e+04
8.868725356568112329e+04
9.044663592713985418e+04
9.223414373941779195e+04
9.405008038470336760e+04
9.589475037024942867e+04
9.776845931545704661e+04
9.967151394091303519e+04
1.016042220556200045e+05
1.035668925448790105e+05
1.055598353572288324e+05
1.075833614904260903e+05
1.096377829779044550e+05
1.117234128744361951e+05
1.138405652402355190e+05
1.159895551264238893e+05
1.181706985575657745e+05
1.203843125154584413e+05
1.226307149205159221e+05
1.249102246146271209e+05
1.272231613405856478e+05
1.295698457227678591e+05
1.319505992463857983e+05
1.343657442352176877e+05
1.368156038287653937e+05
1.393005019595517660e+05
1.418207633282619936e+05
1.443767133776392438e+05
1.469686782666140934e+05
1.495969848423677613e+05
1.522619606122132391e+05
1.549639337127482286e+05
1.577032328806679288e+05
1.604801874195486889e+05
1.632951271670671122e+05
1.661483824612111785e+05
1.690402841041027277e+05
1.719711633266286808e+05
1.749413517485421326e+05
1.779511813421457773e+05
1.810009843891895434e+05
1.840910934422501887e+05
1.872218412786800473e+05
1.903935608604273875e+05
1.936065852849618823e+05
1.968612477421207295e+05
2.001578814635201416e+05
2.034968196759786515e+05
2.068783955492272216e+05
2.103029421457870631e+05
2.137707923669538577e+05
2.172822789005422383e+05
2.208377341636421625e+05
2.244374902473604598e+05
2.280818788591496705e+05
2.317712312632107933e+05
2.355058782214982202e+05
2.392861499309465289e+05
2.431123759634986927e+05
2.469848851996402373e+05
2.509040057667235378e+05
2.548700649710183789e+05
2.588833892327597714e+05
2.629443040167880827e+05
2.670531337649121415e+05
2.712102018263336504e+05
2.754158303852576646e+05
2.796703403914966038e+05
2.839740514862425625e+05
2.883272819302884163e+05
2.927303485271633836e+05
2.971835665520773618e+05
3.016872496727796388e+05
3.062417098731766455e+05
3.108472573797091609e+05
3.155042005789123941e+05
3.202128459426583722e+05
3.249734979463857599e+05
3.297864589911004296e+05
3.346520293245122302e+05
3.395705069568046601e+05
3.445421875830815407e+05
3.495673645004252903e+05
3.546463285277473624e+05
3.597793679219865589e+05
3.649667682972734910e+05
3.702088125405277242e+05
3.755057807332950179e+05
3.808579500625523506e+05
3.862655947454217239e+05
3.917289859387708129e+05
3.972483916622698307e+05
4.028240767129087471e+05
4.084563025820965413e+05
4.141453273748700740e+05
4.198914057252700441e+05
4.256947887158878148e+05
4.315557237952082651e+05
4.374744546957847197e+05
4.434512213524216786e+05
4.494862598248581053e+05
4.555798022120098467e+05
4.617320765741321375e+05
4.679433068556067301e+05
4.742137128023139667e+05
4.805435098863099702e+05
4.869329092253059498e+05
4.933821175076569780e+05
4.998913369170679944e+05
5.064607650517226430e+05
5.130905948561044643e+05
5.197810145434057340e+05
5.265322075224061264e+05
5.333443523250977742e+05
5.402176225380665855e+05
5.471521867287331261e+05
5.541482083780093817e+05
5.612058458110369975e+05
5.683252521329759620e+05
5.755065751561877551e+05
5.827499573432529578e+05
5.900555357379296329e+05
5.974234419033239828e+05
6.048538018631245941e+05
6.123467360372361727e+05
6.199023591869072989e+05
6.275207803545937641e+05
6.352021028078866657e+05
6.429464239874550840e+05
6.507538354472049978e+05
6.586244228075366700e+05
6.665582657047533430e+05
6.745554377358081983e+05
6.826160064168941462e+05
6.907400331297991797e+05
6.989275730857707094e+05
7.071786752695975592e+05
7.154933824106564280e+05
7.238717309285717783e+05
7.323137509046144551e+05
7.408194660351737402e+05
7.493888935990779428e+05
7.580220444237439660e+05
7.667189228437057463e+05
7.754795266764657572e+05
7.843038471852835501e+05
7.931918690505606355e+05
8.021435703407858964e+05
8.111589224866580917e+05
8.202378902501106495e+05
8.293804317052455153e+05
8.385864982064138167e+05
8.478560343721345998e+05
8.571889780610133894e+05
8.665852603452668991e+05
8.760448054993168917e+05
8.855675309728968423e+05
8.951533473775746534e+05
9.048021584663199028e+05
9.145138611172327073e+05
9.242883453172133304e+05
9.341254941449011676e+05
9.440251837553521618e+05
9.539872833664362552e+05
9.640116552410969744e+05
9.740981546761513455e+05
9.842466299851007061e+05
9.944569224798697978e+05
1.004728866466963198e+06
1.015062289219004335e+06
1.025457010967007838e+06
1.035912844885129947e+06
1.046429597068138537e+06
1.057007066523892339e+06
1.067645045140595175e+06
1.078343317683603615e+06
1.089101661765536061e+06
1.099919847827179823e+06
1.110797639113381039e+06
1.121734791656080401e+06
1.132731054233233212e+06
1.143786168357097078e+06
1.154899868238677969e+06
1.166071880750035401e+06
1.177301925393767888e+06
1.188589714276742423e+06
1.199934952048536157e+06
1.211337335883136606e+06
1.222796555418867851e+06
1.234312292709596921e+06
1.245884222183624050e+06
1.257512010581389302e+06
1.269195316897752462e+06
1.280933792317344807e+06
1.292727080152038718e+06
1.304574815765332431e+06
1.316476626502749976e+06
1.328432131600728026e+06
1.340440942113947356e+06
1.352502660817434080e+06
1.364616882110118167e+06
1.376783191920251818e+06
1.389001167585073737e+06
1.401270377755431924e+06
1.413590382259846665e+06
1.425960731989643537e+06
1.438380968754498754e+06
1.450850625156934140e+06
1.463369224433278898e+06
1.475936280300593004e+06
1.488551296800822252e+06
1.501213768119768705e+06
1.513923178416351322e+06
1.526679001631149091e+06
1.539480701283603441e+06
1.552327730278577888e+06
1.565219530671766726e+06
1.578155533459570492e+06
1.591135158339777030e+06
1.604157813445954351e+06
1.617222895121237962e+06
1.630329787611930631e+06
1.643477862816510489e+06
1.656666479969841894e+06
1.669894985344229033e+06
1.683162711928148055e+06
1.696468979094324633e+06
1.709813092241271166e+06
1.723194342446486931e+06
1.736612006072064629e+06
1.750065344380358234e+06
1.763553603117953287e+06
1.777076012089255266e+06
1.790631784719502088e+06
1.804220117577383062e+06
1.817840189908090746e+06
1.831491163114977069e+06
1.845172180258437525e+06
1.858882365491552977e+06
1.872620823513137177e+06
1.886386638969545020e+06
1.900178875849715201e+06
1.913996576842681039e+06
1.927838762690023752e+06
1.941704431476506637e+06
1.955592557940101251e+06
1.969502092707420466e+06
1.983431961539626354e+06
1.997381064507831354e+06
2.011348275172004476e+06
2.025332439695267938e+06
2.039332375955590280e+06
2.053346872592416126e+06
2.067374688017034205e+06
2.081414549408060964e+06
2.095465151645046892e+06
2.109525156184452586e+06
2.123593189928180072e+06
2.137667844014159869e+06
2.151747672558246180e+06
2.165831191367970314e+06
2.179916876561173704e+06
2.194003163170279935e+06
2.208088443658913486e+06
2.222171066375816707e+06
2.236249333957002033e+06
2.250321501639830880e+06
2.264385775525274687e+06
2.278440310735583305e+06
2.292483209518640302e+06
2.306512519242736511e+06
2.320526230327638332e+06
2.334522274036095478e+06
2.348498520230961032e+06
2.362452774956175592e+06
2.376382777966303285e+06
2.390286200095474254e+06
2.404160640524216462e+06
2.418003623903977685e+06
2.431812597356159240e+06
2.445584927310948260e+06
2.459317896193254273e+06
2.473008698941707145e+06
2.486654439365232829e+06
2.500252126289098058e+06
2.513798669530839194e+06
2.527290875650789123e+06
2.540725443469567690e+06
2.554098959372811019e+06
2.567407892357470933e+06
2.580648588773583062e+06
2.593817266842945479e+06
2.606910010801340919e+06
2.619922764778886456e+06
2.632851326272840146e+06
2.645691339288828429e+06
2.658438287054853979e+06
2.671087484337098431e+06
2.683634069238575175e+06
2.696072994589506648e+06
2.708399018714237958e+06
2.720606695706031751e+06
2.732690365049663000e+06
2.744644140586183406e+06
2.756461898773941677e+06
2.768137266185421962e+06
2.779663606171802618e+06
2.791034004627915099e+06
2.802241254789741244e+06
2.813277840991783421e+06
2.824135921269837301e+06
2.834807308726803865e+06
2.845283451585607138e+06
2.855555411730451975e+06
2.865613841691777110e+06
2.875448959887180012e+06
2.885050523928914685e+06
2.894407801916344557e+06
2.903509541375525761e+06
2.912343935769821517e+06
2.920898588234137744e+06
2.929160472286543343e+06
2.937115889221287798e+06
2.944750421854654327e+06
2.952048884169467259e+06
2.958995266493773554e+06
2.965572675710155629e+06
2.971763269873922225e+06
2.977548186711330432e+06
2.982907465225585271e+06
2.987819959567752201e+06
2.992263244355547242e+06
2.996213510229087900e+06
2.999645448595976923e+06
3.002532124021016527e+06
3.004844832730430644e+06
3.006552945381694473e+06
3.007623731888739858e+06
3.008022165811649524e+06
3.007710705402680207e+06
3.006649047842610627e+06
3.004793852646351326e+06
3.002098429454759229e+06
2.998512384583137929e+06
2.993981219576886389e+06
2.988445873726874124e+06
2.981842200911832042e+06
2.974100369069235399e+06
2.965144168151939753e+06
2.954890209283502307e+06
2.943246993884745520e+06
2.930113826600905508e+06
2.915379539409661666e+06
2.898920986108662561e+06
2.880601255720161367e+06
2.860267539263278246e+06
2.837748565940343309e+06
2.812851499796589371e+06
2.785358154673967045e+06
2.755020339107420761e+06
2.721554079405105673e+06
2.684632379720291123e+06
2.643876050171678420e+06
2.598841948693309911e+06
2.549007708089047112e+06
2.493751605445123278e+06
2.432325591265625320e+06
2.363818481358561199e+06
2.287104659690642264e+06
2.200770850554148667e+06
2.103008634045257699e+06
1.991451444960186491e+06
1.862917591016126564e+06
1.712985590624280507e+06
1.535250334471379407e+06
1.319919868746757973e+06
1.050895503063879209e+06
6.988049181191419484e+05
2.005423163917966885e+05
-6.276608630446739262e+05
-3.227689430542022921e+06
nan
nan
nan
nan
nan
nan
nan
nan
nan
nan
nan
nan
nan
nan
nan
nan
nan
nan
nan
nan
nan
nan
nan
nan
nan
nan
nan
nan
nan
nan
nan
nan
nan
nan
nan
nan
nan
nan
nan
nan
nan
nan
nan
nan
nan
nan
nan
